-12.703599675496418
-12.678880623408727
-12.723570090073805
-12.624314149220785
-12.602381879633123
-12.684460544586182
-12.671853595309788
-12.502391338348389
-12.758756910051618
-12.598995526631674
-12.360491371154785
-12.178408145904541
-12.020391464233398
-12.492476463317871
-12.742868423461914
-12.618656730651855
-12.596810204642159
-12.544246893662672
-12.646977186203003
-12.752105279402299
-12.75813341140747
-12.555295202467176
-12.607574582099915
-12.571966988699776
-12.533790429433187
-13.17031478881836
-13.22541618347168
-13.114617029825846
-13.373866558074951
-13.765427589416504
-12.004439735412598
-11.85607978275844
-11.904818975008451
-11.746288696924845
-11.661298144947398
-11.70758695602417
-11.71202023824056
-11.403907895088196
-11.363335745675224
-11.304156621297201
-11.839749145507813
-11.825101613998413
-11.748602231343588
-11.207614421844482
-12.5885591506958
