-17.47433223724365
-17.5411434173584
-17.42663993835449
-17.428414630889893
-17.121725368499757
-16.9852454662323
-16.58237934112549
-16.576553726196288
-16.49586753845215
-16.404139232635497
-16.28913049697876
-16.33653163909912
-16.312335586547853
-16.267338943481445
-14.004280853271485
-13.945345783233643
-13.959687328338623
-13.974016380310058
-14.020636558532715
-13.76905117034912
-13.813803386688232
-13.85048713684082
-13.936386680603027
-13.82710428237915
-14.109474468231202
-13.9959246635437
-14.351599931716919
-14.45530104637146
-14.349448776245117
-14.45759916305542
-14.606493377685547
-14.568756294250488
-14.62114200592041
-14.626428413391114
-16.887606811523437
-16.92922592163086
-16.929864406585693
-16.912609672546388
-16.888852310180663
-17.14671754837036
-17.089515495300294
-17.08048677444458
-17.10799970626831
-17.208884143829344
-17.57120704650879
-17.833091497421265
-17.78013210296631
-17.69103946685791
-17.731137657165526
-17.68515968322754
-17.64359426498413
-17.59800624847412
-17.563126945495604
-17.601778316497803
-17.61476364135742
-17.620992183685303
-17.60133590698242
-17.43323497772217
-17.44205722808838
-17.44234666824341
-17.389232635498047
-17.180427074432373
-16.908900356292726
-16.810746002197266
-16.73314323425293
-16.76388750076294
-16.919801473617554
-16.867218446731567
-16.739732027053833
-16.40969123840332
-16.122906255722047
-15.72006959915161
-15.419389677047729
-15.257847356796265
-15.141287994384765
-15.087711811065674
-15.078077602386475
-15.270903205871582
-15.28350191116333
-15.18289566040039
-15.212054252624512
-15.425439548492431
-15.591540622711182
-15.312258863449097
-14.965043306350708
-14.934243631362914
-14.857179212570191
-14.984237718582154
-15.27056818008423
-15.595698595046997
-15.82941837310791
-16.28263039588928
-16.29064040184021
-16.3951726436615
-16.5061842918396
-16.524082088470458
-16.509311485290528
-16.465056896209717
-16.468017482757567
-16.56520719528198
-16.500421953201293
-16.508123350143432
-16.614026880264284
-16.956559562683104
-17.36855630874634
-17.411829471588135
-17.48209524154663
-17.48071632385254
-17.481690883636475
-17.53318796157837
-17.636108493804933
-17.683079147338866
-17.879130268096922
-17.860214614868163
-17.811107540130614
-17.70882706642151
-17.523775100708008
-17.02085816860199
-16.9455384016037
-16.82247202396393
-16.89333608150482
-16.887044310569763
-16.85079782009125
-16.891629099845886
-16.905800032615662
-16.889390730857848
-16.896068835258482
-16.912932181358336
-16.921631598472594
-16.921437335014343
-16.930692553520203
-16.912871527671815
-16.85059235095978
-16.88939392566681
-16.823895049095153
-16.8907954454422
-16.91569130420685
-17.410353803634642
-17.469663286209105
-17.521669578552245
-17.551033401489256
-17.48984251022339
-17.52382974624634
-17.45314016342163
-17.432425880432127
-15.804294061660766
-15.665343141555786
-15.565756177902221
-15.14375114440918
-14.758868646621703
-14.63709511756897
-13.625707828998566
-13.60603333711624
-13.491254389286041
-13.276759541034698
-12.50518079996109
-12.6172905087471
-12.519651138782502
-12.443571293354035
-12.43932763338089
-12.445428764820099
-12.416291916370392
-12.412135899066925
-12.473326218128204
-12.274806892871856
-13.795791018009187
-13.66261135339737
-13.609549582004547
-13.808555281162262
-13.793227684497833
-13.82053109407425
-14.751117944717407
-14.94836220741272
-15.108855724334717
-15.397676563262939
-16.195082330703734
-16.268734407424926
-14.112859392166138
-13.824952268600464
-13.409924840927124
-13.262583446502685
-13.18004322052002
-12.857890033721924
-12.67520718574524
-12.89393162727356
-13.010970735549927
-12.603779697418213
-12.596642303466798
-11.339125776290894
-9.430287408828736
-9.15717978477478
-9.142871618270874
-8.979730033874512
-8.880638790130615
-8.89369239807129
-8.954403400421143
-7.497649097442627
-9.71691255569458
-10.095824050903321
-10.463497638702393
-10.639440488815307
-10.820173501968384
-11.016463708877563
-11.084958505630492
-10.694328784942627
-10.521913385391235
-10.924103546142579
-10.931943130493163
-12.207154989242554
-14.490753698349
-14.338906383514404
-14.35808744430542
-14.546339464187621
-14.645562219619752
-14.547018003463744
-14.391560220718384
-15.739449262619019
-15.811594724655151
-15.81308445930481
-15.934571504592896
-15.90171513557434
-15.857626104354859
-15.844824504852294
-15.939621114730835
-16.285355186462404
-16.368156099319457
-16.430030584335327
-14.522040224075317
-14.697557735443116
-14.60216817855835
-14.306094539165496
-14.133749282360077
-14.126547706127166
-14.10194548368454
-14.133158195018769
-14.224846351146699
-14.211474025249482
-14.19531592130661
-14.185856521129608
-14.180401408672333
-14.22370947599411
-13.806420075893403
-13.656536853313446
-13.50309327840805
-13.25139797925949
-13.051449573040008
-13.0374081492424
-13.901658999919892
-13.907257831096649
-12.918525791168213
-12.566384923458099
-12.651685988903045
-12.460051572322845
-12.33281501531601
-12.029084384441376
-11.96881331205368
-11.772893035411835
-11.27302063703537
-10.873415458202363
-10.533405101299286
-10.162793147563935
-10.550642144680022
-10.644035518169403
-10.836322820186615
-11.093398654460907
-11.342993819713593
-11.52531431913376
-12.699864852428437
-12.713456428050995
-13.823285174369811
-14.983830165863036
-15.164002561569214
-15.321354198455811
-15.209499597549438
-15.593836784362793
-15.406957626342773
-15.642442607879639
-15.896440505981445
-16.223129653930663
-16.499345111846925
-16.871221923828124
-16.937030410766603
-17.137931299209594
-17.0039653301239
-17.034625673294066
-17.065085649490356
-17.111011838912965
-16.98473439216614
-16.869656229019164
-16.824064016342163
-16.67396378517151
-16.606476354599
-16.638791418075563
-16.756605005264284
-16.723791551589965
-17.036708974838255
-17.12542576789856
-17.40004105567932
-17.47783226966858
-17.34593458175659
-17.337870025634764
-17.04821081161499
-16.876695489883424
-16.888418626785278
-16.879950857162477
-16.740214252471922
-16.727803802490236
-16.844452953338624
-16.873120021820068
-16.69586615562439
-16.326346707344054
-16.039479851722717
-15.754912114143371
-15.566664576530457
-15.111489081382752
-14.980855870246888
-14.875808072090148
-14.866674065589905
-12.683761429786681
-12.86952531337738
-12.867696070671082
-13.157140135765076
-13.139134907722473
-12.414534693956375
-12.385716181993484
-12.430143147706985
-12.162854844331742
-12.193391114473343
-11.996146613359452
-9.910539990663528
-8.49683638215065
-7.6418119966983795
-7.232702785730362
-7.072978168725967
-7.06265977025032
-6.798992425203323
-5.743772393465042
-3.4519781887531282
-4.944358068704605
-2.6567650854587557
-0.36479387879371644
1.2196246564388276
3.3368382871150972
3.061528778076172
3.870187187194824
3.913361930847168
5.935776710510254
8.245013332366943
8.731616854667664
6.509722018241883
5.895726370811462
5.3329565048217775
6.934903812408447
8.750646877288819
9.185162788629532
11.099399906396865
10.28270736336708
10.28577075600624
11.900206643342973
11.900206643342973
11.900206643342973
12.617009764909744
11.139202052354813
12.8772614300251
13.987941151857376
15.301494818925857
13.620254498720168
13.620254498720168
15.146877533197403
16.785314899682998
15.811797624826431
17.473630076646806
16.4097542822361
14.676196986436844
15.998038530349731
15.973286199569703
17.926432180404664
17.926432180404664
16.424650502204894
15.218424808979034
14.952740967273712
13.801522052288055
15.279329764842988
15.279329764842988
15.622703731060028
15.444443237781524
16.190459740161895
16.190437805652618
16.19050427675247
15.896280348300934
17.746674263477324
17.746674263477324
18.810604417324065
20.544161713123323
20.532738506793976
19.675115168094635
19.26795173883438
19.26561771631241
19.73015547990799
20.93638117313385
20.508294224739075
21.65951313972473
20.229808384180068
20.229808384180068
20.229808384180068
20.507747822999953
20.043038673698902
20.04306060820818
20.04305660277605
20.921591158211232
20.632332582771777
19.94669591933489
19.189760179817675
19.164388628304003
19.17581183463335
18.19295918494463
18.600122614204885
18.602456636726856
19.63968815356493
18.422749598324298
19.116520388424398
19.116520388424398
20.543222118914127
20.543222118914127
18.710004498064517
19.450635315477847
20.85056828260422
20.85056828260422
20.850572288036346
19.39045089483261
19.784556233882903
20.470192897319794
21.227128636837005
21.252500188350677
21.252500188350677
23.065750300884247
22.35365456342697
22.1857142329216
20.312467515468597
21.348094081878664
20.937286949157716
20.422059631347658
19.08048351407051
17.095399218797684
17.034798461198807
15.278798991441727
13.235546761751175
11.141378909349442
9.045406514406205
8.533747464418411
6.409131652116775
4.489879161119461
2.6882998764514925
1.2342899858951568
-0.9815276563167572
-3.1034387052059174
-4.575331920385361
-6.198921483755112
-4.456563800573349
-6.520214122533798
-8.144588607549668
-9.90656332373619
-10.84958794116974
-11.174020457267762
-11.486895632743835
-12.039419436454773
-12.303353810310364
-12.347592282295228
-12.34291226863861
-12.542410063743592
-12.191830921173096
-12.485305023193359
-12.920576763153075
-13.47887089252472
-13.498753190040588
-13.584883046150207
-13.663596844673156
-14.176395964622497
-16.34339396953583
-16.38635346889496
-14.60350434780121
-14.43716504573822
-14.277572321891785
-14.1758962392807
-14.184022307395935
-13.904217648506165
-13.840796971321106
-13.866050124168396
-14.010526061058044
-14.140192532539368
-14.529203319549561
-14.149443912506104
-13.600142765045167
-13.396480131149293
-13.366071748733521
-13.227225017547607
-12.916509819030761
-12.199096441268921
-10.046796560287476
-10.050656080245972
-9.989789915084838
-10.06168065071106
-9.857628965377808
-9.928485441207886
-9.905095720291138
-8.867885208129882
-8.69386157989502
-8.583774280548095
-8.315248012542725
-7.989656448364258
-8.039732789993286
-7.981619048118591
-7.9288101434707645
-7.645167601108551
-7.315924894809723
-7.175848734378815
-7.218093454837799
-7.6432676911354065
-9.759433805942535
-9.743394148349761
-11.777940618991853
-11.860359632968903
-12.19444967508316
-12.217363893985748
-12.18505140542984
-13.012719595432282
-13.161400759220124
-13.114828264713287
-13.132977068424225
-13.040164005756377
-12.826128685474396
-13.273410499095917
-13.790596902370453
-13.086427450180054
-13.229184913635255
-13.455656957626342
-13.279980802536011
-13.340555715560914
-13.376092386245727
-12.334988248348235
-11.90018218755722
-10.38915022611618
-8.131100833415985
-7.6851113677024845
-6.708491539955139
-6.590112566947937
-6.672381472587586
-4.6655977964401245
-4.846971869468689
-4.92930657863617
-5.176223826408386
-5.0482444047927855
-4.524298858642578
-5.523853397369384
-5.808925008773803
-5.757960462570191
-6.23880181312561
-6.403699779510498
-6.410679149627685
-7.464350998401642
-7.96752120256424
-9.423076784610748
-11.730995237827301
-12.089126884937286
-13.08941547870636
-13.554808354377746
-13.279369807243347
-15.565329337120057
-15.454157614707947
-15.584535002708435
-15.35769498348236
-15.571717286109925
-16.00912003517151
-16.259050273895262
-15.692051362991332
-15.783488225936889
-15.792002820968628
-15.85820231437683
-15.771154546737671
-15.69408392906189
-15.589532136917114
-15.527309608459472
-15.06703495979309
-15.063158082962037
-14.943363761901855
-15.008614110946656
-15.243483638763427
-15.151377868652343
-15.400587940216065
-15.527374696731567
-15.809976530075073
-15.803787660598754
-16.03188090324402
-16.228063583374023
-16.612395238876342
-16.569521474838258
-16.525438356399537
-16.522836542129518
-16.6048255443573
-16.70040011405945
