-12.86551399230957
-12.828426599502563
-12.718814897537232
-12.683917808532716
-12.75714020729065
-12.734310483932495
-12.904345655441285
-12.930528736114502
-12.758827543258667
-12.880442142486572
-12.938046741485596
-12.94769778251648
-12.886090755462646
-12.807275438308716
-12.775490999221802
-12.65294828414917
-12.605240440368652
-12.523397541046142
-12.671626758575439
-12.662693500518799
-12.64319281578064
-12.606434011459351
-12.631715297698975
-12.689399337768554
-12.689026117324829
-12.657029676437379
-12.668508863449096
-12.661419343948364
-12.660383653640746
-12.538185453414917
-12.671001482009888
-12.667691802978515
-12.69910807609558
-12.812242269515991
-12.999192714691162
-13.115189838409425
-13.095340728759766
-13.10849142074585
-13.096333599090576
-13.102160692214966
-13.195557832717896
-13.212294864654542
-13.318346643447876
-13.402157068252563
-13.609347724914551
-13.79242238998413
-13.67429141998291
-13.56577377319336
-13.658521127700805
-13.534947538375855
-13.643201971054078
-13.415134859085082
-13.315503644943238
-13.298602437973022
-13.215329122543334
-13.195991325378419
-13.209356451034546
-13.140585231781007
-12.835779523849487
-12.662009859085083
-12.679321432113648
-12.627819681167603
-12.583527040481567
-12.383493995666504
-12.393418073654175
-12.287219905853272
-12.278154516220093
-12.32365403175354
-12.269312143325806
-12.387995433807372
-12.191491317749023
-12.316747665405273
-12.3911949634552
-12.321771907806397
-12.36523756980896
-12.389546298980713
-12.38072247505188
-12.358881664276122
-12.589557886123657
-12.729197311401368
-12.301019501686095
-12.376300263404847
-12.312711215019226
-12.509756922721863
-12.175652575492858
-12.160316967964173
-12.202838253974914
-12.27529604434967
-12.38752052783966
-12.384006237983703
-12.243121457099914
-12.245277333259583
-12.26388156414032
-12.17853844165802
-12.054277491569518
-12.059968209266662
-12.109321570396423
-12.300269818305969
-12.27573540210724
-12.28573672771454
-12.757125043869019
-12.746853637695313
-12.852620697021484
-12.814737939834595
-13.157813501358032
-13.153603839874268
-13.19859800338745
-13.167179918289184
-13.197211503982544
-13.352665376663207
-13.594788074493408
-13.71399803161621
-13.768046379089355
-13.958051013946534
-14.109245347976685
-14.065889596939087
-14.074742603302003
-14.0409255027771
-14.051113605499268
-13.773616170883178
-13.78238205909729
-13.802245950698852
-13.79277081489563
-13.62673306465149
-13.484643936157227
-13.513580274581908
-13.462947368621826
-13.415984630584717
-13.186708354949952
-13.182871627807618
-13.292451238632202
-13.265668725967407
-13.215405654907226
-13.060211229324342
-12.99780821800232
-13.040399408340454
-12.847371292114257
-12.700295352935791
-12.800632333755493
-13.073440074920654
-12.988509845733642
-12.92166018486023
-12.860474634170533
-12.962320804595947
-12.989642810821532
-13.035343122482299
-13.057029628753662
-12.99695053100586
-13.020775938034058
-12.873816299438477
-12.772892189025878
-12.465024828910828
-12.387559533119202
-12.398771119117736
-12.1239652633667
-11.687476181983948
-11.806955361366272
-11.88309485912323
-11.85740306377411
-11.584921050071717
-11.614085602760316
-11.639595675468446
-11.596898484230042
-11.682447361946107
-11.693070673942566
-11.751292252540589
-11.686771655082703
-11.685054564476014
-11.805832505226135
-11.91048481464386
-11.704770255088807
-11.954216957092285
-12.084643840789795
-12.040690803527832
-12.141854310035706
-12.302746677398682
-12.354339933395385
-12.453685998916626
-12.240058088302613
-12.326436948776244
-12.239890193939209
-12.293716096878052
-12.18758783340454
-12.061668729782104
-11.772597575187683
-11.716854023933411
-11.722432446479797
-11.797368359565734
-11.62581126689911
-11.38019049167633
-11.40053026676178
-11.266737914085388
-10.728549695014953
-10.62059223651886
-10.755244898796082
-10.874410367012024
-10.798327803611755
-10.748763394355773
-10.916558003425598
-10.961916518211364
-11.011823630332946
-10.952281546592712
-11.113240838050842
-11.220565819740296
-11.468286418914795
-11.37073073387146
-11.344884824752807
-11.18361144065857
-11.30564546585083
-11.47342782020569
-11.725604104995728
-11.778754711151123
-12.207137393951417
-12.425589418411255
-12.488752365112305
-12.646250247955322
-12.73701777458191
-12.653913640975953
-12.708896684646607
-12.79087405204773
-12.896119308471679
-12.890180492401123
-12.969878911972046
-12.946689176559449
-13.06650643348694
-13.079026985168458
-13.123330307006835
-13.286886072158813
-13.39493670463562
-13.479141902923583
-13.357131242752075
-13.310990953445435
-13.273182058334351
-13.042986965179443
-12.923412466049195
-12.741748476028443
-12.577589654922486
-12.66746735572815
-12.674190950393676
-12.643808841705322
-12.650621843338012
-12.613815402984619
-12.39498405456543
-12.388897466659547
-12.058732032775879
-12.026647138595582
-12.000568866729736
-11.933175754547118
-11.902984571456908
-11.789197444915771
-11.902694797515869
-12.066716480255128
-12.108767938613891
-12.259026098251343
-12.283681488037109
-12.110361170768737
-11.896085977554321
-11.817131853103637
-11.775378656387328
-11.782318687438964
-11.703608417510987
-11.76351456642151
-11.902808952331544
-11.853086614608765
-12.05418882369995
-12.170275831222535
-12.104053783416749
-12.232648468017578
-12.122440671920776
-12.26109004020691
-12.299059200286866
-12.303213548660278
-12.391856002807618
-12.365107679367066
-12.471685028076172
-12.24833595752716
-12.539436626434327
-12.34059829711914
-12.129384088516236
-12.09056568145752
-12.149234104156495
-12.269432020187377
-12.268831157684327
-12.253219270706177
-12.241924905776978
-12.227254056930542
-12.359610557556152
-12.390689706802368
-12.321996784210205
-12.196153688430787
-12.158425664901733
-12.168025827407837
-12.101997423171998
-12.213281393051147
-12.062630033493042
-12.659744691848754
-12.633541679382324
-12.889808654785156
-12.941102313995362
-13.02065405845642
-13.007216310501098
-12.927147579193115
-12.761373138427734
-12.894753360748291
-13.041933679580689
-13.077194356918335
-13.0096914768219
-12.941425848007203
-13.119237661361694
-13.11236343383789
-13.100768947601319
-12.931269454956055
-12.987693214416504
-12.800718784332275
-12.975976181030273
-12.676877641677857
-12.779930686950683
-12.81944694519043
-12.833853054046632
-12.763786363601685
-12.734854030609132
-12.812437725067138
-12.817964267730712
-12.718685197830201
-12.535399913787842
-12.264261722564697
-12.040336847305298
-11.827404928207397
-11.689529180526733
-11.819044876098634
-11.65264172554016
-11.576627683639526
-11.339059686660766
-11.360817527770996
-11.193177890777587
-11.21868462562561
-11.094529724121093
-10.579472994804382
-10.6466623544693
-10.48201606273651
-10.269479823112487
-10.097166657447815
-10.15574004650116
-10.081097483634949
-9.807316064834595
-9.924190330505372
-10.11535348892212
-10.150889682769776
-9.739108192920686
-9.495419943332672
-9.555162298679353
-9.293295240402221
-9.1998854637146
-9.376200914382935
-9.458163928985595
-9.53233461380005
-9.39940366744995
-9.876299786567689
-8.675334906578064
-8.621056628227233
-8.140952327102422
-6.967745759338141
-6.8174791119992735
-6.766029097884894
-5.8458197139203545
-5.206250699609518
-4.5616383396089075
-4.206022640317679
-3.798993381112814
-3.650556691735983
-3.5662420116364957
-4.022728248685598
-4.146673294156789
-3.5608826838433743
-3.0141269408166407
-3.002769013494253
-3.1899988375604154
-2.9202871046960355
-3.1298186503350736
-3.004067536443472
-3.607039898633957
-4.380553025007248
-4.3901065528392795
-4.287431925535202
-5.0077262163162235
-5.230308562517166
-5.628340774774552
-4.903310912847519
-5.044810920953751
-4.75145967900753
-4.479638847708702
-4.0050084561109545
-4.043189522624016
-4.2912139147520065
-3.8004823178052902
-3.7204625099897384
-3.4984031170606613
-3.0674975156784057
-3.3590253472328184
-3.2869152307510374
-3.1923263311386108
-2.3108975172042845
-2.343130850791931
-2.5758282423019407
-2.047134703397751
-1.63035951256752
-1.2903633788228035
-2.500620003044605
-3.30705419331789
-3.265572164952755
-3.1442691311240196
-3.502854047715664
-2.9236757501959802
-3.3201106771826745
-3.555509029328823
-3.47538016885519
-3.356507550179958
-3.664494402706623
-3.6203754261136054
-3.357878752052784
-3.207220955193043
-4.364788456261158
-4.018614847958088
-3.374974250793457
-4.204965543746948
-5.068206048011779
-5.627114044129849
-4.430996166169644
-4.412550340592861
-4.845745484530926
-5.218716017901897
-4.954968230426312
-5.600299958884716
-5.404598025977611
-6.300888769328594
-6.371269027888775
-6.7401221439242365
-6.918016068637371
-7.512725000083447
-7.867100839316845
-7.969878415763378
-7.916179637610912
-8.21531616896391
-8.446009016036987
-8.606245994567871
-8.62408652305603
-8.443716311454773
-9.665605521202087
-9.729411339759826
-10.021365332603455
-10.191833996772766
-10.54563910961151
-10.681617856025696
-10.796236300468445
-10.44019181728363
-10.475181889533996
-10.353816437721253
-10.519014382362366
-10.668390107154845
-10.939164423942566
-11.114010214805603
-11.313372874259949
-11.476821112632752
-11.83755886554718
-12.054733204841614
-12.09567620754242
-12.405561399459838
-12.4868980884552
-12.358761548995972
-12.20451316833496
-12.21388864517212
-12.252954006195068
-12.120553827285766
-12.002357625961304
-12.216747188568116
-12.435827541351319
-12.547121334075928
-12.63263988494873
-12.610251808166504
-12.778789949417114
-12.857672452926636
-12.96186146736145
-12.76596200466156
-12.700063729286194
-12.627251267433167
-12.501132607460022
-12.466671204566955
-12.23331573009491
-12.314118838310241
-12.467840456962586
-12.45533926486969
-12.377301239967347
-12.355587124824524
-12.435542607307434
-12.444051909446717
-12.361383986473083
-12.058209156990051
-11.868742966651917
-11.789633202552796
-11.809514021873474
-11.712107729911803
-11.61496946811676
-11.584799790382386
-11.74743869304657
-11.667104172706605
-11.885232377052308
-11.837353825569153
-12.066329073905944
-12.049430251121521
-11.980157208442687
-11.96857521533966
-12.07313163280487
-11.933348441123963
-11.745852541923522
-11.805611872673035
-11.694362473487853
-11.888575768470764
-11.988919425010682
-11.996176886558533
-11.970769572257996
-11.977284836769105
-12.062303185462952
-12.420782995223998
-12.491925954818726
-12.557003355026245
-12.401139783859254
-12.415961647033692
-11.937192726135255
-11.960387086868286
-12.0492431640625
-12.207389545440673
-11.838964056968688
-12.124089169502259
-12.347484183311462
-12.127929282188415
-12.359677958488465
-12.092704844474792
-12.182857060432434
-12.20926821231842
-12.135005974769593
-12.197101378440857
-11.838845586776733
-11.637637853622437
-10.676662588119507
-10.702706480026245
-10.410068702697753
-10.455053234100342
-10.764709758758546
-10.480637073516846
-10.393809413909912
-10.050642585754394
-10.173130345344543
-10.155747866630554
-10.154838728904725
-10.188606667518616
-10.057345080375672
-10.147273826599122
-10.133899307250976
-10.108488035202026
-10.090415334701538
-10.130362844467163
-10.359479069709778
-10.457293391227722
-11.077197861671447
-11.074680018424989
-11.455859875679016
-11.42564218044281
-11.392568039894105
-11.595599913597107
-11.523498558998108
-11.844209790229797
-12.037175679206848
-12.070846581459046
-12.12007782459259
-12.1968341588974
-12.217440724372864
-12.632032680511475
-12.643790245056152
-12.774970054626465
-12.617738580703735
-12.445339584350586
-12.408813762664796
-12.430358695983887
-12.696648406982423
-12.428503942489623
-12.340332889556885
-12.45256323814392
-12.613265705108642
-12.70303897857666
-12.727688980102538
-12.698996591567994
-12.766991758346558
-12.754555940628052
-12.78546404838562
-12.683902168273926
-12.399148988723756
-11.974012970924377
-11.984440445899963
-12.021121859550476
-12.163294816017151
-12.20845787525177
-12.332579016685486
-12.181310629844665
-12.23807909488678
-12.403716588020325
-12.397464489936828
-12.314202189445496
-12.258525681495666
-12.159647250175476
-11.886218118667603
-11.815948486328125
-11.529588556289672
-11.524551105499267
-11.369484806060791
-11.544204950332642
-11.817334175109863
-12.083012175559997
-11.96731894016266
-11.82791097164154
-11.845718836784362
-11.756529355049134
-11.832289862632752
-11.843908715248109
-11.55160071849823
-11.580016446113586
-11.728576397895813
-11.650926280021668
-11.698432993888854
-11.427156782150268
-11.65199077129364
-11.725926327705384
-11.977005982398987
-11.929716324806213
-12.080014109611511
-12.15084421634674
-12.232629561424256
-11.948909473419189
-12.040080404281616
-12.202180528640747
-12.26382851600647
-12.219761896133424
-12.26193470954895
-12.387316370010376
-12.643192768096924
-12.778639602661134
-12.642289209365845
-12.727151823043823
-12.756215667724609
-13.06127564907074
-13.187291121482849
-13.067153096199036
-13.124185681343079
-13.157248950004577
-13.063196063041687
-12.95257351398468
-12.87883141040802
-13.090918684005738
-13.10731053352356
-12.978263998031617
-12.96139211654663
-12.998190021514892
-12.963337850570678
-13.062071990966796
-13.045787477493286
-12.9674654006958
-12.967254495620727
-12.965680789947509
-12.947054719924926
-12.685742974281311
-12.538958382606506
-12.359547638893128
-12.23251850605011
-12.103286385536194
-12.059539723396302
-11.763535022735596
-11.622174263000488
-11.681295919418336
-11.418180847167969
-11.367781925201417
-11.266506004333497
-11.322646331787109
-11.179915428161621
-11.166746664047242
-10.995650243759155
-11.040195322036743
-11.144077444076538
-10.993065404891968
-10.907575798034667
-11.06454532146454
-10.96166160106659
-10.858279585838318
-10.949742579460144
-10.924383997917175
-10.970563054084778
-11.261607646942139
-11.131771421432495
-10.844576096534729
-10.992953133583068
-10.980931973457336
-11.095790028572083
-11.238590121269226
-11.266713166236878
-11.151170229911804
-11.35810158252716
-11.36121609210968
-11.303943228721618
-11.413500666618347
-11.324514842033386
-11.362665438652039
-11.468348813056945
-11.52636969089508
-11.483714318275451
-11.62085554599762
-11.57597463130951
-11.407778477668762
-11.600241494178771
-11.928900861740113
-12.044701385498048
-12.18688759803772
-12.1306321144104
-12.05051326751709
-12.189507055282593
-12.19529356956482
-12.140839385986329
-11.932206344604491
-11.919814968109131
-12.037645053863525
-12.217725563049317
-12.404134607315063
-12.530149221420288
-12.844497728347779
-12.784780740737915
-12.76803798675537
-12.89057354927063
-13.087322330474853
-13.004275512695312
-12.997428750991821
-12.889161300659179
-12.838332605361938
-12.85156216621399
-12.79542498588562
-12.730536651611327
-12.766891479492188
-12.820588827133179
-12.991504955291749
-12.949171304702759
-12.735980939865112
-12.59089970588684
-12.305875778198242
-11.961035966873169
-11.711683893203736
-11.751823282241821
-11.809122037887573
-11.753161239624024
-11.833046245574952
-11.84374942779541
-11.925169324874878
-12.055968427658081
-12.19753451347351
-12.111354446411132
-12.263872003555297
-12.297309017181396
-12.390347766876221
-12.425383567810059
-12.465078020095826
-12.636420965194702
-12.815781116485596
-12.959384679794312
-13.151195955276489
-13.47735595703125
-13.756093740463257
-13.814200735092163
-13.71192455291748
-13.67615556716919
-13.708360528945922
-13.950438976287842
-13.953548908233643
-13.876333379745484
-13.666458559036254
-13.840222787857055
-13.432487654685975
-13.216547465324402
-13.062678456306458
-12.914332747459412
-12.878154349327087
-12.613939785957337
-12.432050681114196
-12.267140316963197
-12.210561919212342
-12.307180142402649
-12.185997557640075
-11.992299580574036
-11.906293177604676
-11.880349707603454
-11.859098935127259
-11.663705945014954
-11.652921891212463
-11.578747820854186
-11.69324266910553
-11.543187260627747
-11.850599241256713
-11.970315742492676
-11.963817596435547
-12.087911796569824
-12.010164833068847
-12.053443765640258
-12.190161609649659
-12.382183408737182
-12.37214503288269
-12.26408748626709
-11.863047075271606
-12.011551713943481
-12.200593662261962
-12.314156913757325
-12.064539527893066
-12.143960285186768
-12.140930795669556
-12.211396837234497
-12.272187948226929
-12.300750637054444
-12.3358820438385
-12.388213968276977
-12.420702981948853
-12.452043962478637
-12.374203252792359
-12.558708095550537
-12.615969467163087
-12.52520399093628
-12.454405641555786
-12.370250749588013
-12.86937174797058
-12.8127046585083
-12.802156496047974
-12.740911149978638
-12.714865922927856
-12.727463531494141
-12.672384071350098
-12.487596702575683
-12.164152717590332
-12.270783233642579
-12.186795282363892
-12.229681730270386
-12.269999361038208
-11.983889389038087
-12.004923582077026
-11.901568508148193
-11.847167491912842
-11.825980377197265
-11.828291606903075
-11.825646495819091
-11.847223377227783
-11.961066722869873
-11.995618200302124
-11.963746929168702
-12.166730546951294
-12.227557516098022
-12.26387791633606
-12.497400426864624
-12.659392595291138
-12.522134447097779
-12.628221273422241
-12.512339973449707
-12.441100072860717
-12.593353223800658
-12.764740228652954
-12.68023853302002
-12.562980651855469
-12.579036903381347
-12.592738771438599
-12.742201662063598
-12.596615028381347
-12.348969459533691
-11.742369365692138
-11.669343376159668
-11.645908784866332
-11.631434917449951
-11.585583591461182
-11.414196491241455
-11.40539288520813
-11.27217469215393
-11.026365184783936
-11.010349941253661
-11.093262529373169
-11.111127948760986
-10.976564025878906
-10.746865463256835
-10.961550331115722
-11.008005523681641
-11.197476243972778
-11.090346717834473
-11.20706911087036
-11.439579820632934
-12.019787883758545
-11.978598737716675
-12.06818084716797
-12.006159591674805
-12.114603424072266
-12.12505841255188
-12.180100393295287
-12.288112545013428
-12.572012519836425
-12.57793641090393
-12.568430042266845
-12.651439142227172
-12.779696559906006
-13.218036079406739
-13.067796230316162
-13.02715711593628
-12.808259344100952
-12.877218914031982
-12.935150861740112
-12.956436157226562
-12.553136324882507
-12.650592923164368
-12.5768541097641
-12.471986556053162
-12.393048644065857
-12.436264634132385
-12.539650130271912
-12.664947962760925
-12.653365588188171
-12.710503792762756
-12.701238656044007
-12.524361252784729
-12.541264700889588
-12.401214051246644
-12.436524510383606
-12.48713023662567
-12.711037707328796
-12.640780568122864
