-13.096407890319824
-13.21543278012957
-13.137071389418383
-13.078832705815634
-13.09546236558394
-12.961845779418946
-12.794286092122396
-12.625604510307312
-12.763538905552455
-12.47921895980835
-12.084122467041016
-12.365882396697998
-12.64855988820394
-13.155145645141602
-11.983068466186523
-12.900212287902832
-13.043563842773438
-13.070399871239296
-12.962228536605835
-13.046330798755992
-12.98903923034668
-13.056301646762424
-12.993772864341736
-12.780468668256487
-12.50044314066569
-12.47402057647705
-13.525307416915894
-13.639021873474121
-13.346523761749268
-12.4613676071167
-11.824338976542155
-11.957274777548653
-11.829064295842098
-11.646463553110758
-11.428577163002707
-11.563664150238036
-11.439620123969185
-11.287896871566772
-11.58803721836635
-11.322830518086752
-11.040377998352051
-10.598116874694824
-11.396848996480307
-12.37844181060791
-12.64835262298584
-12.081369050343831
-11.992654017039708
-11.857519699976994
-11.836822549502054
-11.629550023512406
-11.707220888137817
-11.711901293860542
-11.422095715999603
-11.095014776502337
-10.677142222722372
-10.672655582427979
-10.334624409675598
-9.87592871983846
-13.111571788787842
-11.768221855163574
-13.293386967976888
-13.269596985408239
-13.290029305678148
-13.316773732503256
-13.405008055947043
-13.305373287200927
-13.221845626831055
-13.134235382080078
-13.705222674778529
-13.683132807413736
-13.912216758728027
-13.779282331466675
-13.729305267333984
-13.865200519561768
-14.48698902130127
-12.113452212015789
-11.944450991494316
-11.86830784724309
-11.821199417114258
-11.94889970259233
-11.960643577575684
-12.328063540988499
-12.291059970855713
-12.19019113268171
-12.187506993611654
-12.15483570098877
-11.95615553855896
-12.328405380249023
-11.892918109893799
-10.250999450683594
-12.035311063130697
-12.129449503762382
-11.962856879601112
-11.975093444188436
-12.219731851057572
-12.565642166137696
-12.751101705763075
-12.776995062828064
-13.106172152927943
-13.472289880116781
-13.298532676696777
-13.492654085159302
-13.596293131510416
-13.24761438369751
-13.577201843261719
-13.403728485107422
-13.49199288231986
-13.4582608296321
-13.627939144770304
-13.645780996842818
-13.561743927001952
-13.731208801269531
-13.601841926574707
-13.480011531284877
-13.461255232493082
-13.257333183288575
-13.0140061378479
-13.45390764872233
-13.168967247009277
-12.074943542480469
-12.866496276855468
-12.848704883030482
-12.74282015286959
-12.76057537396749
-12.925355824557217
-12.899428272247315
-13.148443222045898
-13.410796403884888
-13.356244359697614
-13.502179940541586
-13.495224571228027
-13.69056224822998
-13.415342013041178
-14.302119255065918
-14.511604309082031
-13.828135236104329
-13.77990130015782
-13.939190717843863
-13.952877124150595
-13.901938265020197
-13.842975234985351
-13.771247651841906
-13.681397438049316
-13.580418178013392
-13.62893279393514
-13.432832527160645
-13.55795407295227
-13.247218132019043
-12.667603015899658
-12.82384967803955
-12.565768877665201
-12.42860494341169
-12.273940819960375
-12.327991167704264
-12.182928085327148
-11.958589935302735
-11.995456165737576
-11.795084357261658
-11.638500077383858
-11.386040051778158
-10.928308296203614
-10.398347616195679
-10.093429247538248
-8.251860618591309
-5.550352096557617
-11.250957107543945
-11.13884094783238
-11.201746940612793
-11.113241910934448
-11.13544377413663
-11.496331024169923
-11.512520260281033
-11.382053971290588
-11.796670504978724
-11.704443772633871
-11.482723045349122
-11.526679277420044
-11.715265591939291
-12.880208015441895
-13.503819465637207
-12.749005381266276
-12.738962241581508
-12.837773323059082
-12.676992336908976
-12.81144870411266
-12.665772819519043
-12.734355820549858
-13.060579895973206
-13.02389281136649
-12.978846867879232
-13.273172187805176
-13.353408813476562
-13.465993245442709
-13.419816493988037
-14.509479522705078
-12.885026741027833
-12.816149030412946
-12.724652216984676
-12.553256750106812
-12.634455680847168
-12.508962726593017
-12.574979994032118
-12.611288905143738
-12.615527697971888
-12.468980153401693
-12.272627067565917
-12.91525936126709
-12.386707623799643
-12.812135219573975
-10.938887596130371
-10.917497857411702
-10.720926318849836
-10.558651960813082
-10.354406476020813
-10.13438047062267
-10.107440042495728
-10.448091612921822
-10.749640107154846
-10.965126037597656
-10.635706583658854
-10.241009712219238
-9.827906847000122
-9.061107953389486
-8.10089921951294
-13.931324005126953
-12.029451179504395
-12.192827769688197
-12.151037803063026
-12.232057889302572
-12.346353964372115
-12.183945465087891
-12.206538094414604
-12.165492296218872
-12.136085101536342
-12.193183104197184
-12.379783248901367
-12.121789455413818
-11.889732042948404
-12.638328552246094
-14.42288875579834
-13.508276240030925
-13.588585581098284
-13.56502782381498
-13.712760051091513
-13.644499345259232
-13.583321380615235
-13.515041987101236
-13.533743977546692
-13.524549211774554
-13.511161009470621
-13.594189834594726
-13.449812173843384
-13.644731839497885
-14.298020362854004
-14.106825828552246
-12.02522325515747
-11.855345351355416
-11.767016447507418
-11.811442573865255
-11.540903828360818
-11.437137651443482
-11.32646460003323
-11.236325085163116
-10.996117387499128
-10.396666129430136
-10.225918102264405
-9.564262986183167
-9.081651528676352
-10.25239610671997
-10.565091133117676
-12.142584196726482
-12.092513118471418
-12.117088868067814
-12.086649934450785
-12.012972008098256
-12.013093900680541
-12.088404284583198
-12.60857343673706
-12.48977279663086
-12.23320976893107
-11.878441619873048
-11.525990724563599
-12.082716623942057
-12.429770946502686
-11.874991416931152
-13.300842157999675
-13.28552062170846
-13.314383873572716
-13.19903794924418
-13.22385987368497
-13.087513446807861
-12.930598894755045
-12.837664127349854
-12.711540494646345
-12.49183432261149
-12.380538177490234
-12.123993635177612
-12.33680502573649
-13.431556701660156
-12.674907684326172
-13.250082461039225
-13.37898165839059
-13.443623542785645
-13.36754290262858
-13.42616098577326
-13.32523603439331
-13.197070545620388
-13.042223334312439
-13.009434155055455
-12.852579911549887
-12.827098274230957
-12.7862548828125
-12.754258155822754
-11.888272285461426
-11.888810157775879
-11.675491269429525
-11.504838739122663
-11.447048554053673
-11.534329414367676
-11.612235936251553
-11.628251075744629
-11.445268313090006
-11.50573456287384
-11.781226294381279
-12.396048069000244
-12.471523666381836
-12.767548322677612
-12.58535099029541
-13.083572387695312
-12.354225158691406
-12.549845695495605
-12.46231916972569
-12.786670464735765
-12.793584982554117
-12.770807179537686
-12.616806602478027
-12.521212365892199
-12.423937439918518
-12.503665379115514
-12.169508775075277
-11.802481651306152
-11.349346160888672
-11.434268951416016
-12.72675609588623
-11.63198184967041
-10.266606187820434
-10.046960064343043
-9.975572127562303
-10.003615041573843
-10.021804527802901
-9.572624278068542
-9.475529432296753
-8.836447924375534
-8.551727669579643
-9.01816737651825
-8.2408043384552
-6.922319233417511
-5.08083192507426
-1.892417073249817
-6.402356147766113
-2.70236793756485
-2.827734104224614
-3.3895985988470225
-3.38872437675794
-3.4050500067797573
-2.7649225115776064
-4.431044777234395
-3.7657574266195297
-3.2053855998175487
-2.282888869444529
-0.17820451259613038
1.8637817203998566
6.602394461631775
10.50229787826538
9.732117652893066
-2.6397145350774127
-2.1953926512173245
-2.169045457473168
-1.6782453954219818
-0.7101241133429788
-0.9180732011795044
-0.7802951600816515
-2.187135100364685
-1.0385522842407227
0.2701252301534017
-0.9970348358154297
0.5390326976776123
-0.10084788004557292
-11.143379211425781
-10.217535018920898
-3.2768593192100526
-2.970250883272716
-2.6301133861908546
-2.7628994236389794
-3.467115646058863
-2.8554469883441924
-2.877731329864926
-3.3369884192943573
-3.98308573450361
-4.39289269844691
-3.6278913736343386
-2.2682304680347443
0.36237140496571857
1.1390495300292969
11.875669479370117
-4.685627857844035
-4.282951474189758
-4.112002281042246
-5.337831715742747
-5.219977877356789
-6.098243856430054
-8.535494751400417
-8.396092355251312
-8.15336833681379
-8.070266326268515
-7.825659465789795
-7.558583617210388
-8.250852584838867
-6.4131760597229
-0.03153038024902344
0.8623512665430705
1.8884817276682173
1.216020263158358
1.2462419271469116
1.7349435632879084
1.695632314682007
2.7897096739874945
2.2402036786079407
0.6997339384896415
1.4019314448038738
2.06268630027771
1.9440975189208984
4.457503954569499
0.5071125030517578
-10.188732147216797
-1.1589120467503866
-1.8227584276880537
-1.3113578191170325
-0.7475050588448843
0.24244495955380527
-1.7032253623008728
-1.9227859808339014
-4.51091493293643
-4.052418789693287
-3.043895656863848
-5.909430807828903
-6.326272986829281
-8.336938540140787
-10.200441360473633
-9.945036888122559
-8.74008002281189
-8.663296239716667
-9.390314138852633
-9.779517531394958
-10.415018385106867
-10.204839754104615
-10.333877086639404
-10.522048532962799
-10.595587662288121
-11.205418109893799
-10.903339958190918
-10.438029289245605
-10.794031461079916
-11.385170459747314
-11.871109962463379
-12.469168281555175
-12.56033638545445
-12.544488173264723
-12.601104577382406
-12.535511103543369
-12.365281581878662
-12.13679281870524
-12.174063682556152
-12.070112092154366
-11.813926060994467
-11.344400024414062
-10.909888982772827
-11.47955354054769
-12.247734546661377
-13.68717098236084
-11.61078592936198
-11.666588851383754
-11.448068838853102
-11.434767325719198
-11.581377809697932
-11.72483263015747
-11.8551238377889
-11.959786295890808
-12.199550764901298
-12.364737828572592
-12.354571723937989
-12.361534595489502
-13.346709569295248
-12.787675380706787
-13.92940616607666
-12.097734133402506
-12.02434423991612
-11.92042116018442
-11.710241317749023
-11.69373945756392
-11.422550582885743
-11.08257622188992
-10.99600875377655
-10.749603407723564
-11.063555240631104
-11.08596305847168
-11.780838012695312
-10.96961752573649
-11.216686248779297
-11.043435096740723
-10.304502550760905
-10.087018149239677
-10.29661904848539
-10.281780004501343
-10.304702758789062
-9.960000896453858
-9.791339768303764
-9.370509028434753
-9.731119973318917
-10.214011987050375
-10.298933219909667
-9.857312202453613
-11.843841234842936
-11.807218074798584
-11.51015853881836
-11.80375436147054
-11.728162152426583
-11.704075446495644
-11.806536356608072
-11.901872461492365
-11.80571231842041
-11.944410430060493
-11.834474682807922
-11.90265955243792
-11.978641827901205
-12.386527252197265
-12.461186408996582
-13.816001574198404
-13.178310871124268
-13.58797550201416
-10.926364588737489
-10.763731692518506
-10.731969695824843
-10.621285527944565
-10.437276244163513
-10.476522648334504
-10.064093814955818
-9.51633931696415
-9.224911298070635
-8.858648796876272
-8.333416771888732
-7.2775833904743195
-6.1411753098169966
-10.08818244934082
-10.12348747253418
-10.739408715565999
-10.93804679598127
-10.898310587956356
-11.01101573308309
-11.1012713692405
-10.815499782562256
-10.691438462999132
-10.720309257507324
-10.662203788757324
-10.627410570780436
-10.797083473205566
-10.634946346282959
-11.170148213704428
-9.814867496490479
-11.585224151611328
-11.470806503295899
-11.541117600032262
-11.31366282242995
-11.341416279474894
-11.5000957142223
-11.288224983215333
-11.406616422865126
-11.683416843414307
-12.054315430777413
-11.54991896947225
-11.736910438537597
-11.339133262634277
-11.177814801534018
-11.174776554107666
-11.981011390686035
-12.55031452178955
-12.56797000340053
-12.56569766998291
-12.556342999140421
-12.749038782986728
-12.915028190612793
-13.239809142218697
-13.214354991912842
-13.20424474988665
-13.466699282328287
-13.783564186096191
-14.00284743309021
-14.307905832926432
-14.209325790405273
-14.47012996673584
-13.377590115865072
-13.40481437955584
-13.405937928419847
-13.48030416170756
-13.473283160816539
-13.558038902282714
-13.737311787075466
-14.015278339385986
-14.323138918195452
-14.293414115905762
-14.265252113342285
-14.227071762084961
-14.13436508178711
-14.227645874023438
-14.210657119750977
-11.573758697509765
-11.482795102255684
-11.368542231046236
-11.395161867141724
-11.353425546125932
-11.398753833770751
-11.65670755174425
-11.474069356918335
-11.18079948425293
-11.420850118001303
-11.284355735778808
-11.081732511520386
-10.53585688273112
-11.011209487915039
-11.782549858093262
-11.01952330271403
-10.981272084372383
-10.79209254338191
-10.944435278574625
-10.998129757967861
-10.952877712249755
-11.171229150560167
-11.625967741012573
-11.806032044546944
-11.483100573221842
-11.201725959777832
-10.759817361831665
-10.449142138163248
-10.866784572601318
-12.291346549987793
-12.919792747497558
-13.123253073011126
-13.176697804377628
-13.286476135253906
-13.196264093572443
-13.199814128875733
-13.321537229749891
-13.175204873085022
-13.095431464059013
-13.333429018656412
-13.11134967803955
-13.139935970306396
-13.487502415974935
-14.48063039779663
-14.513245582580566
-13.123783620198568
-13.13756547655378
-13.032270358158993
-12.942261854807535
-12.810072205283426
-12.800172328948975
-12.704755677117241
-12.478454828262329
-12.37399687085833
-12.054589112599691
-11.58430347442627
-11.678590774536133
-11.739033381144205
-12.019248962402344
-11.207110404968262
-12.305463631947836
-12.231779881886073
-12.067636599907509
-11.903896371523539
-11.772913109172475
-11.601696538925172
-12.219391610887316
-12.08530855178833
-12.115207127162389
-12.128806591033936
-12.079863357543946
-12.291011571884155
-12.343432426452637
-11.575602531433105
-8.359761238098145
-11.771506214141846
-11.805112668446132
-11.596249617063082
-11.812173247337341
-11.611120787533848
-11.366801595687866
-11.092937098609077
-10.975457489490509
-10.54261827468872
-10.13341228167216
-9.511541652679444
-8.80621612071991
-9.355326016743978
-8.593729019165039
-8.241040229797363
-10.45193592707316
-10.34277251788548
-10.159479691432072
-10.016972263654074
-10.117241816087203
-10.281795072555543
-10.320669333140055
-10.302927792072296
-10.522315502166748
-10.644559939702352
-10.711645030975342
-11.893004894256592
-12.071245829264322
-11.734105110168457
-13.36118221282959
-13.251649157206218
-13.4596312386649
-13.429856006915752
-13.355479717254639
-13.480566718361594
-13.78331537246704
-13.998131116231283
-13.99829876422882
-14.091666902814593
-14.03044064839681
-14.43914852142334
-14.423738479614258
-14.398950894673666
-14.768047332763672
-14.761846542358398
-12.409071095784505
-12.243700504302979
-12.14508372086745
-12.209814151128134
-12.010128714821555
-12.32721300125122
-12.183959007263184
-12.396602749824524
-12.907505716596331
-12.986666043599447
-13.232810783386231
-13.662344455718994
-13.380295117696127
-12.849234580993652
-12.80412769317627
-11.904258855183919
-12.107016904013497
-11.922758909372183
-11.912479639053345
-11.7316725470803
-11.816139030456544
-11.720150311787924
-11.979920625686646
-11.667987959725517
-11.221035957336426
-10.884338760375977
-10.624730348587036
-9.92465337117513
-11.053260803222656
-12.37382698059082
-13.52622299194336
-13.577493735722133
-13.633506701542782
-13.689026594161987
-13.904766256159002
-13.854320049285889
-13.79092968834771
-13.931578755378723
-14.045229366847447
-14.161534945170084
-14.154320335388183
-14.064900398254395
-14.323493957519531
-14.32097053527832
-14.337080955505371
-13.642055320739747
-13.589098044804164
-13.52404865851769
-13.519989093144735
-13.561051802201705
-13.645345973968507
-13.604616906907824
-13.502663254737854
-13.722881589617048
-13.734967708587646
-13.740707969665527
-14.087026834487915
-14.148508071899414
-14.45361328125
-14.462394714355469
-12.382007471720378
-12.230680874415807
-12.060205679673414
-12.121558427810669
-11.979891516945578
-12.16162338256836
-12.33120452033149
-12.24579405784607
-12.335914748055595
-12.4704802831014
-12.289888381958008
-12.21654725074768
-12.658445994059244
-13.715702056884766
-13.42264175415039
-11.669766743977865
-11.61870847429548
-11.675561391390287
-11.698509931564331
-11.813190373507412
-11.56512508392334
-11.476147863599989
-12.061854720115662
-12.773906026567731
-12.75106954574585
-12.434578704833985
-12.562399625778198
-12.601792017618815
-12.48043966293335
-11.960535049438477
-11.32380199432373
-11.132705007280622
-11.102252886845516
-11.140418291091919
-11.14588434045965
-10.82994270324707
-11.55104038450453
-11.596353948116302
-11.747747353145055
-11.461478312810263
-11.501041507720947
-11.25741708278656
-11.481902599334717
-10.150014638900757
-14.059200286865234
-12.607697868347168
-12.677128519330706
-12.65887950016902
-12.579965035120646
-12.664098566228693
-12.780350875854491
-12.886544969346788
-13.200687170028687
-13.17959976196289
-13.037744681040445
-12.950817108154297
-12.855038404464722
-12.4273312886556
-12.375876426696777
-12.857547760009766
-11.69547341664632
-11.6780332837786
-11.816254615783691
-11.784149567286173
-11.843025294217197
-11.716800594329834
-11.69289599524604
-11.321646809577942
-11.37148652757917
-10.847183386484781
-11.552947902679444
-11.194775700569153
-10.57048749923706
-11.892683029174805
-12.86634349822998
-12.938370068868002
-12.95113434110369
-12.831068699176495
-12.71280312538147
-12.860187790610574
-12.760957717895508
-12.684807035658094
-12.507728219032288
-12.482582092285156
-12.254700183868408
-12.329285049438477
-12.402946472167969
-12.01610279083252
-11.53123426437378
-9.823302268981934
-9.823414929707845
-9.664049421037946
-10.07342448601356
-10.079785505930582
-10.835373921827836
-10.720006608963013
-10.810774856143528
-10.832224071025848
-10.606688567570277
-10.34115163485209
-11.196957397460938
-10.60948133468628
-9.911904335021973
-10.547270774841309
-10.203304290771484
-12.13516451517741
-12.402883393423897
-12.430199109590971
-12.893994808197021
-12.86655261299827
-12.781450557708741
-13.05519347720676
-13.080109357833862
-12.875885282244
-13.498400688171387
-13.472323417663574
-13.341887712478638
-13.079625765482584
-13.621354579925537
-14.14618968963623
-12.647173976898193
-12.553504569189888
-12.66087528375479
-12.571443359057108
-12.677537788044322
-13.301261138916015
-13.17270236545139
-13.027576565742493
-13.07649040222168
-13.129500071207682
-12.879320335388183
-13.329067468643188
-13.07223637898763
-12.55288553237915
-11.518155097961426
-11.375615151723226
-11.211521182741437
-11.110890791966366
-10.950148622194925
-10.752992153167725
-10.737635374069214
-10.766093730926514
-10.684546649456024
-10.361474786485944
-10.315141916275024
-9.830327701568603
-9.468827843666077
-8.366159280141195
-10.41399621963501
-10.566559791564941
-12.2693390528361
-12.265756675175258
-12.240631103515625
-12.352020502090454
-12.353141871365635
-12.144127464294433
-12.15266227722168
-12.40445601940155
-12.254761968340192
-12.287902196248373
-12.0561674118042
-11.948399782180786
-11.28692595163981
-9.707437515258789
-9.871582984924316
-12.844325892130534
-12.903270380837577
-13.044537397531363
-13.161770343780518
-13.168606584722346
-13.128190231323241
-13.168034659491646
-13.299853086471558
-13.122410637991768
-13.095200538635254
-12.862397003173829
-12.45336127281189
-12.880289077758789
-13.297061443328857
-13.002272605895996
-11.021155579884846
-10.885568244116646
-10.998639290149395
-10.838937083880106
-10.648255478252064
-10.240088510513306
-10.103423171573215
-10.145064413547516
-10.55397551400321
-11.049902280171713
-10.399036026000976
-10.382124662399292
-9.542794863382975
-8.712975025177002
-8.72411823272705
-10.91642701625824
-10.753127345017024
-10.66144492992988
-10.456206371386846
-10.479439009319652
-10.638275015354157
-10.562717292043898
-12.014103770256042
-11.883669444492885
-12.056993007659912
-12.451473236083984
-12.127899408340454
-11.71245002746582
-12.112142562866211
-10.453737258911133
-12.963789939880371
-12.88914510181972
-13.073709487915039
-13.04214040438334
-13.028761863708496
-12.881785774230957
-12.851621839735243
-12.659288883209229
-12.50308200291225
-12.473461786905924
-12.392020225524902
-12.400155544281006
-12.572977383931478
-13.096231937408447
-11.732647895812988
-13.11982707977295
-13.06815344946725
-13.029263789837177
-13.215649684270224
-13.109489787708629
-13.002685928344727
-12.962383058336046
-12.921260476112366
-12.83382511138916
-12.786567052205404
-12.458481788635254
-12.505028486251831
-12.338103612263998
-13.062323570251465
-11.60324478149414
-12.306836891174317
-12.285182135445732
-12.192746455852802
-12.109495162963867
-12.205516641790217
-12.041925716400147
-12.160211669074165
-12.470669746398926
-12.440513747079033
-12.44504721959432
-12.352875518798829
-12.6542329788208
-12.851255416870117
-12.687353134155273
-12.953956604003906
-14.016560363769532
-13.985826764787946
-14.016123331510103
-13.974616050720215
-13.934923605485396
-13.978138732910157
-13.944905598958334
-13.876052975654602
-13.794746807643346
-13.677369753519693
-13.510676002502441
-13.33341097831726
-13.138055165608725
-13.287084102630615
-14.464211463928223
-10.75779094696045
-10.558809620993477
-10.53701664851262
-10.497589190800985
-10.351573597301137
-10.94678053855896
-10.56942637761434
-11.036481857299805
-11.245352336338588
-11.29271904627482
-11.047490882873536
-10.722577333450317
-11.259681383768717
-10.918086051940918
-9.588598251342773
-11.099227142333984
-10.85810831614903
-10.74159629528339
-10.964902559916178
-10.787224422801625
-10.724374485015868
-10.616827540927464
-10.544060230255127
-10.399102210998535
-10.77659304936727
-11.144453239440917
-11.010377407073975
-10.138204256693522
-9.326912879943848
-6.562877655029297
-12.130161762237549
-12.462122678756714
-12.481049941136288
-12.476428548494974
-12.297109213742344
-12.15623688697815
-11.942253059811062
-11.62137645483017
-11.209258556365967
-10.7504141330719
-11.48314790725708
-12.434347152709961
-12.223200480143229
-11.610610008239746
-13.255485534667969
-11.877465629577637
-11.84397908619472
-11.795191618112417
-11.640036026636759
-11.547170292247426
-11.68699378967285
-11.620911280314127
-11.709593772888184
-11.886479786464147
-11.830594221750895
-12.004021263122558
-11.877368211746216
-11.976936340332031
-12.479715824127197
-12.921648025512695
-13.190104993184407
-13.234159469604492
-13.31143936744103
-13.372435013453165
-13.490652171048252
-13.538844394683839
-13.430997212727865
-13.56000828742981
-13.563883917672294
-13.49700117111206
-13.47414493560791
-13.231754779815674
-13.31187629699707
-13.338047981262207
-12.963827133178711
-12.517307345072428
-12.374720096588135
-12.450503789461576
-12.287684043248495
-12.375813310796564
-12.371599197387695
-12.494759877522787
-12.597217917442322
-12.468457221984863
-12.779669602711996
-12.583687782287598
-12.345021963119507
-13.048848470052084
-14.2070951461792
-13.907316207885742
-12.358907222747803
-12.254299061638969
-12.603463172912598
-12.45998477935791
-12.627362424677068
-12.796766471862792
-12.902913517422146
-12.875926971435547
-12.975593158176967
-12.950759410858154
-12.999792861938477
-13.067313432693481
-13.277337392171225
-13.768626689910889
-12.82615852355957
-11.66994120279948
-11.61545467376709
-11.447935984684872
-11.347034931182861
-11.427916873585094
-11.502471828460694
-11.681883494059244
-11.786955714225769
-11.81403650556292
-11.663709958394369
-11.880499839782715
-12.253116846084595
-11.773200988769531
-12.206221580505371
-12.010387420654297
-12.490944735209148
-12.498294217245919
-12.490907815786509
-12.630474170049032
-12.879100712862881
-13.09375228881836
-13.125517845153809
-12.961912989616394
-12.968382017953056
-13.61721165974935
-13.4513090133667
-13.276224851608276
-13.156353632609049
-13.455545902252197
-13.291468620300293
-12.66975269317627
-12.562908240727015
-12.531942734351524
-12.508987744649252
-12.336162740534002
-12.180385398864747
-12.184329562717014
-11.996946454048157
-12.175403867449079
-12.108015060424805
-11.874695968627929
-12.229662895202637
-12.073461214701334
-11.649601459503174
-10.196104049682617
-13.598105303446452
-13.67892735345023
-13.870505553025465
-13.915606578191122
-13.905020540410822
-13.878296756744385
-13.908570289611816
-14.084837079048157
-14.212295532226562
-14.175694306691488
-14.135734176635742
-14.387031555175781
-14.357952117919922
-14.439191818237305
-14.509135246276855
-12.088718477884928
-12.032699653080531
-12.192434090834398
-12.16212280591329
-12.230677344582297
-12.12741231918335
-11.906446668836805
-11.711193680763245
-11.531497137887138
-11.489952882130941
-11.347309875488282
-11.194887399673462
-11.463249206542969
-10.76505422592163
-11.033465385437012
-10.547882143656413
-10.77336049079895
-10.753066319685717
-11.102452754974365
-11.382839116183193
-11.128769207000733
-11.139778243170845
-11.510804295539856
-11.912480626787458
-12.215752124786377
-12.04205322265625
-12.294771671295166
-12.010022163391113
-12.587908744812012
-12.869782447814941
-11.72810433258613
-11.53343895024487
-11.45983636780427
-11.47817730344832
-11.372476831755854
-11.169848530739547
-10.809324574967226
-10.779502741061151
-10.601427749863692
-10.034478494276604
-9.745007501542569
-8.920658333227038
-11.857009887695312
-11.809894561767578
-12.19450569152832
-12.780882708231609
-12.65061446598598
-12.827411064734825
-13.091791470845541
-12.965977842157537
-12.864424991607667
-12.694928169250488
-12.63534414768219
-12.592702865600586
-12.505986531575521
-12.415363693237305
-11.938880920410156
-11.131746610005697
-11.082085132598877
-9.702617645263672
-10.282462405165036
-9.984955343816962
-9.653804594507584
-9.249775527666012
-9.03331743451682
-8.654377506673336
-9.18140003250705
-8.897171078249812
-9.264012130243438
-9.282292443017164
-8.281503388285637
-7.647735472768545
-5.9244135171175
-2.7701303884387016
-5.703466415405273
-9.271953964233399
-9.339938368116107
-9.044263546283428
-9.421778957049051
-9.22577090696855
-8.890974187850953
-8.883402347564697
-8.570625364780426
-7.9360977581569125
-7.995631456375122
-8.284651470184325
-8.553890705108643
-7.036657333374023
-5.9170823097229
-6.184903621673584
-11.004135954380036
-10.98856993658202
-11.049369147190681
-10.8036806533734
-10.633641064167023
-10.468864434957505
-10.382824255360497
-10.237118355929852
-10.14915533576693
-9.676552444696426
-10.297817599773406
-9.71359346807003
-8.3266242146492
-12.112747192382812
-13.616571426391602
-11.111570008595784
-10.886953524180822
-10.794213478381817
-10.761094371477762
-10.435048840262674
-10.349031972885133
-10.11624256769816
-9.718845546245575
-10.116510663713727
-10.03399101893107
-9.988986587524414
-10.016759395599365
-9.942227681477865
-9.345445156097412
-11.764314651489258
-12.49651845296224
-12.609757559640068
-12.647700676551231
-12.761658112208048
-13.018218387256969
-13.088250637054443
-13.178761800130209
-13.188228368759155
-13.222255979265485
-13.094210624694824
-13.527349472045898
-13.281946897506714
-12.938583056131998
-12.898927688598633
-13.024178504943848
-12.483686701456707
-12.399093355451312
-12.364051745488094
-12.740442196528116
-12.706695383245295
-12.697457122802735
-12.747343169318306
-12.671384930610657
-12.532346452985491
-12.229414621988932
-12.622292709350585
-12.363142967224121
-11.858543713887533
-12.479013442993164
-11.85506534576416
-12.996417172749837
-13.005906649998256
-12.907639283400316
-12.821205457051596
-12.754339304837314
-12.621339797973633
-12.903953340318468
-12.776538968086243
-12.90362821306501
-12.683729330698648
-12.487517929077148
-12.571552276611328
-13.451172510782877
-13.61606502532959
-12.120626449584961
-11.442397912343344
-11.247358969279698
-11.044091114631065
-10.797319531440735
-11.206151962280273
-11.204624557495118
-11.030752711825901
-10.628608345985413
-11.286736283983503
-10.834548393885294
-10.7033371925354
-9.962951064109802
-8.994125843048096
-11.293268203735352
-14.183751106262207
-9.819882594048977
-10.516125134059362
-10.3576539846567
-10.09226107597351
-9.978308070789684
-9.931592082977295
-10.019068294101292
-10.16548776626587
-10.115964344569615
-9.634024937947592
-9.601214027404785
-8.870646476745605
-8.182260195414225
-9.978211879730225
-9.48677921295166
