-14.288850784301758
-13.386780738830566
-10.103009223937988
-12.341623306274414
-10.716937065124512
-13.372673034667969
-9.569345474243164
-13.181256294250488
-12.828035354614258
-13.798752784729004
-12.618270874023438
-12.001893997192383
-12.54069995880127
-10.859160423278809
-14.321090698242188
-11.579451560974121
-12.528909683227539
-11.423196792602539
-10.739474296569824
-14.355511665344238
-10.126321792602539
-9.25292682647705
-12.827345848083496
-12.541446685791016
-9.375004768371582
-12.626124382019043
-12.052759170532227
-13.484831809997559
-13.224723815917969
-13.199965476989746
-14.603882789611816
-15.088955879211426
-13.30348014831543
-13.465935707092285
-11.481220245361328
-14.365166664123535
-12.702767372131348
-9.596606254577637
-13.597684860229492
-13.017071723937988
-13.319849014282227
-13.72767162322998
-13.803669929504395
-13.857138633728027
-13.70946979522705
-10.646409034729004
-14.753450393676758
-14.523025512695312
-11.843242645263672
-13.807456016540527
-13.702752113342285
-12.330430030822754
-12.557456970214844
-13.41429615020752
-11.87403678894043
-11.283784866333008
-13.164510726928711
-13.565178871154785
-11.428787231445312
-13.125167846679688
-13.835664749145508
-10.315366744995117
-11.046395301818848
-13.556217193603516
-12.312952041625977
-10.717682838439941
-12.611104965209961
-14.36643123626709
-13.541275978088379
-10.10383415222168
-14.16777515411377
-14.242727279663086
-13.856976509094238
-14.529223442077637
-10.85824203491211
-14.256363868713379
-14.066184043884277
-12.983748435974121
-10.638383865356445
-13.329059600830078
-12.83790397644043
-9.984652519226074
-9.150863647460938
-3.8302671909332275
-9.382080078125
-10.459874153137207
-10.431797981262207
-12.756478309631348
-13.555892944335938
-7.6842780113220215
-13.76025390625
-7.179628849029541
-9.376106262207031
-13.017054557800293
-11.243163108825684
-8.21286678314209
-13.260683059692383
-13.004647254943848
-12.11194896697998
-6.465445041656494
-10.758081436157227
-14.519993782043457
-12.485625267028809
-12.624763488769531
-12.090134620666504
-12.670878410339355
-13.499677658081055
-10.956037521362305
-13.633452415466309
-8.81760025024414
-9.861021995544434
-6.889176845550537
-8.726740837097168
-11.947900772094727
-13.829084396362305
-11.592726707458496
-13.584407806396484
-13.902442932128906
-6.586539268493652
-5.6672139167785645
-11.99839973449707
-8.523355484008789
-11.910544395446777
-12.135408401489258
-10.598886489868164
-11.503823280334473
-12.568960189819336
-7.7143964767456055
-13.045892715454102
-13.153874397277832
-13.388798713684082
-13.61580753326416
-13.274559020996094
-14.936774253845215
-14.707061767578125
-10.082830429077148
-13.041632652282715
-12.396650314331055
-12.215476989746094
-10.150262832641602
-14.617131233215332
-12.976139068603516
-6.606594085693359
-12.602557182312012
-13.529145240783691
-12.62369441986084
-12.238641738891602
-11.483778953552246
-11.313529014587402
-6.9411540031433105
-12.331219673156738
-13.765074729919434
-13.691373825073242
-13.242146492004395
-5.379842281341553
-8.455375671386719
-10.397093772888184
-11.901098251342773
-11.843984603881836
-9.611165046691895
-5.123288631439209
-12.627568244934082
-8.785653114318848
-12.741464614868164
-12.717266082763672
-13.251999855041504
-13.089278221130371
-12.826425552368164
-13.303142547607422
-12.735962867736816
-9.528980255126953
-10.725857734680176
-13.575164794921875
-12.957785606384277
-12.904191017150879
-13.205545425415039
-12.741440773010254
-12.431563377380371
-9.721503257751465
-13.49485969543457
-9.432939529418945
-11.068947792053223
-13.69937801361084
-12.880188941955566
-13.583521842956543
-12.979694366455078
-12.935762405395508
-11.739823341369629
-10.344178199768066
-11.713823318481445
-15.148687362670898
-8.40005111694336
-12.493107795715332
-12.305642127990723
-11.437705039978027
-14.908564567565918
-13.035140037536621
-10.993672370910645
-12.625781059265137
-10.092764854431152
-14.082530975341797
-12.991495132446289
-13.469869613647461
-10.805108070373535
-12.508195877075195
-13.25778579711914
-12.037775039672852
-11.319472312927246
-6.1634626388549805
-12.591535568237305
-12.333029747009277
-12.30396556854248
-12.661660194396973
-14.280035018920898
-5.836102485656738
-13.834954261779785
-12.812170028686523
-7.572927474975586
-10.25977897644043
-13.00514030456543
-13.5757474899292
-13.651244163513184
-14.205938339233398
-14.131810188293457
-11.544580459594727
-10.386804580688477
-11.859183311462402
-10.692793846130371
-12.1821870803833
-12.077988624572754
-14.386629104614258
-14.417683601379395
-12.807853698730469
-9.718735694885254
-12.482422828674316
-12.647077560424805
-12.061196327209473
-10.701536178588867
-13.873223304748535
-13.793166160583496
-14.730497360229492
-12.274686813354492
-13.657903671264648
-12.749834060668945
-14.12062931060791
-7.5332136154174805
-15.254143714904785
-7.973879814147949
-14.03062629699707
-9.796191215515137
-12.628628730773926
-12.221552848815918
-10.918658256530762
-12.371650695800781
-12.441275596618652
-13.528905868530273
-13.574666976928711
-13.349807739257812
-11.675189018249512
-10.946022033691406
-9.417303085327148
-6.924172401428223
-9.310047149658203
-12.465047836303711
-5.887337684631348
-12.462154388427734
-11.296465873718262
-5.3953633308410645
-11.650107383728027
-12.00395679473877
-11.651609420776367
-9.280078887939453
-12.827120780944824
-13.40652847290039
-9.039812088012695
4.790581703186035
-9.684908866882324
5.641519069671631
25.355979919433594
9.812034606933594
-9.03986644744873
-9.199731826782227
-6.003576755523682
-8.660456657409668
-3.0188353061676025
19.98784828186035
-6.943267822265625
-2.5693788528442383
-5.572319984436035
-9.120245933532715
-4.1221466064453125
-3.6392667293548584
4.9540581703186035
26.845638275146484
-1.6431498527526855
12.70601749420166
27.63102149963379
24.314788818359375
16.633108139038086
19.495756149291992
-0.9386274814605713
-4.811464786529541
-5.873554229736328
-9.259881019592285
-13.436760902404785
-7.808367729187012
8.928544998168945
-7.440938949584961
-11.454505920410156
7.884278297424316
-10.483084678649902
-8.651686668395996
-9.866179466247559
-10.59515380859375
2.118777275085449
14.230672836303711
5.682674884796143
-0.8039880990982056
22.413150787353516
26.55387306213379
27.63102149963379
27.631013870239258
19.43423080444336
1.7739810943603516
-4.343395233154297
-10.815925598144531
-3.360988140106201
1.01454496383667
-7.378916263580322
27.63102149963379
1.0225313901901245
27.63102149963379
-5.12814474105835
25.25993537902832
-5.1903157234191895
22.561233520507812
27.63102149963379
26.627342224121094
27.390113830566406
19.568439483642578
1.7131843566894531
-4.7176899909973145
-9.895899772644043
-11.724348068237305
-9.093182563781738
-14.202622413635254
6.533298492431641
1.8665355443954468
-6.149577617645264
12.493212699890137
25.216094970703125
-6.938477993011475
-7.230316162109375
-7.467199802398682
-3.580261707305908
-0.30059465765953064
-8.594655990600586
-4.948492050170898
-9.129060745239258
-10.106301307678223
24.93950080871582
-13.626770973205566
-10.015326499938965
22.06001091003418
27.63102149963379
-9.858712196350098
-9.319822311401367
-7.0127692222595215
-7.174737930297852
27.63102149963379
18.25279426574707
-8.11854362487793
-10.445833206176758
-9.235343933105469
-12.141515731811523
-13.472043991088867
-10.26695442199707
-10.783655166625977
-8.655104637145996
-8.975550651550293
-9.612353324890137
-13.743928909301758
-11.534579277038574
-13.305185317993164
-13.69582748413086
-11.592053413391113
-10.832231521606445
-11.90825366973877
-12.554389953613281
-12.255038261413574
-9.398676872253418
-12.980733871459961
-13.04274845123291
-12.963659286499023
-13.003705978393555
-13.384536743164062
-12.512146949768066
-9.890935897827148
-13.266934394836426
-12.085310935974121
-11.597405433654785
-11.180671691894531
-10.267889022827148
-15.133285522460938
-9.663689613342285
-12.906513214111328
-12.634293556213379
-13.981552124023438
-13.684849739074707
-9.371414184570312
-14.413442611694336
-9.67874813079834
-11.891901969909668
-12.931522369384766
-10.53032398223877
-7.7793049812316895
-10.551026344299316
-11.279062271118164
-13.52427864074707
-11.386082649230957
-8.232041358947754
-12.579811096191406
-2.173032522201538
-8.589734077453613
-13.547365188598633
-10.815271377563477
-10.376132011413574
-14.991168975830078
-11.148069381713867
-10.92586898803711
-12.764476776123047
-5.622699737548828
-10.702410697937012
-13.62553882598877
-11.048895835876465
-11.93173885345459
-12.259541511535645
-11.91561222076416
-13.003152847290039
-12.753456115722656
-13.283235549926758
-5.369994163513184
-11.248741149902344
-12.804311752319336
-13.914810180664062
-11.861135482788086
-15.212443351745605
-12.753220558166504
-12.132583618164062
-12.856498718261719
-13.525012969970703
-9.453250885009766
-12.915972709655762
-8.91286563873291
-10.782439231872559
-8.560253143310547
-10.358587265014648
-12.235359191894531
-8.803647994995117
-10.531102180480957
-13.832178115844727
-12.40823745727539
-9.792498588562012
-13.676698684692383
-11.5458345413208
-8.871150016784668
-11.617535591125488
-13.523612022399902
-12.778205871582031
-6.373480796813965
-11.879680633544922
-5.582538604736328
-12.79995346069336
-14.125710487365723
-11.882241249084473
-9.584970474243164
-9.161303520202637
-8.884256362915039
-12.100560188293457
-11.005239486694336
-9.224498748779297
-5.904916763305664
-7.450525283813477
-13.164149284362793
-4.776236534118652
-11.738526344299316
-8.748091697692871
-13.16726303100586
-11.511999130249023
-12.734025001525879
-11.090709686279297
-7.1566548347473145
-6.286194324493408
-12.540521621704102
-11.08245849609375
-10.667248725891113
-5.840231895446777
-11.276062965393066
-12.722678184509277
-10.361160278320312
-12.78292179107666
-7.513549327850342
-8.053753852844238
-13.22998046875
-7.205435276031494
-12.161212921142578
-11.177688598632812
-11.370645523071289
-13.16320514678955
-15.056794166564941
-13.79248332977295
-8.035172462463379
-12.217122077941895
-7.9952778816223145
-9.348852157592773
-12.514200210571289
-12.531049728393555
-11.432856559753418
-9.449068069458008
-14.254681587219238
-5.1147589683532715
-12.019659996032715
-10.09667682647705
-9.458831787109375
-11.930981636047363
-13.840705871582031
-12.549792289733887
-13.679481506347656
-14.299112319946289
-14.25744342803955
-12.962935447692871
-11.44594669342041
-12.319930076599121
-12.037001609802246
-12.085423469543457
-13.156548500061035
-12.263739585876465
-12.070531845092773
-10.035810470581055
-9.560821533203125
-7.212042808532715
-14.469941139221191
-11.46722412109375
-11.215031623840332
-13.831315040588379
-10.776515007019043
-11.855772972106934
-13.835105895996094
-5.120377063751221
-8.081477165222168
-12.94527530670166
-13.964154243469238
-14.699590682983398
-11.582220077514648
-12.510117530822754
-11.554616928100586
-8.886809349060059
-11.560580253601074
-10.395691871643066
-10.068852424621582
-9.93159008026123
-10.112475395202637
-9.912327766418457
-12.899516105651855
-12.267646789550781
-13.786078453063965
-12.218396186828613
-12.839567184448242
-11.090700149536133
-13.387823104858398
-12.282758712768555
-9.990692138671875
-8.971580505371094
-12.765825271606445
-11.368375778198242
-11.054247856140137
-14.538545608520508
-12.76993465423584
-13.033988952636719
-13.846314430236816
-12.898670196533203
-12.036582946777344
-11.698973655700684
-10.203557968139648
-13.650352478027344
-11.272541999816895
-13.682397842407227
-13.633539199829102
-12.075719833374023
-11.9595947265625
-13.125658988952637
-8.376252174377441
-10.104766845703125
-13.865167617797852
-12.195195198059082
-11.602627754211426
-3.5495927333831787
-10.776069641113281
-12.414292335510254
5.726268291473389
-2.950125217437744
-14.010968208312988
-8.03256893157959
-3.763840436935425
-13.700653076171875
-11.92010498046875
-6.4987969398498535
-11.87523078918457
-12.758383750915527
-13.191715240478516
-12.205629348754883
-14.480525016784668
-13.359450340270996
-12.240924835205078
-10.342029571533203
-9.96678352355957
-12.631575584411621
-12.309560775756836
-13.76382827758789
-12.70722770690918
-13.694967269897461
-11.144676208496094
-13.69147777557373
-9.015199661254883
3.852792501449585
-13.315125465393066
-12.543198585510254
-10.267571449279785
-13.729479789733887
-13.323006629943848
-12.671083450317383
-12.982601165771484
-13.97029972076416
-13.412214279174805
-9.525392532348633
-12.836931228637695
-10.291335105895996
-8.831287384033203
-8.7321195602417
-10.080229759216309
-11.832557678222656
-13.480382919311523
-14.802136421203613
-12.748465538024902
-10.67359447479248
-12.918405532836914
-12.888714790344238
-12.229169845581055
-12.93899154663086
-8.597606658935547
-13.29146671295166
-12.121172904968262
-12.564302444458008
-11.450502395629883
-12.148554801940918
-9.753440856933594
-10.374649047851562
-13.626324653625488
-13.757512092590332
-10.587987899780273
-13.863802909851074
-11.006497383117676
-13.024520874023438
-11.484140396118164
-13.645329475402832
-13.943726539611816
-12.822152137756348
-13.808260917663574
-13.240620613098145
-13.251504898071289
-13.361387252807617
-14.548057556152344
-12.457484245300293
-13.266701698303223
-11.209687232971191
-12.991044998168945
-12.78122329711914
-12.95573902130127
-12.675893783569336
-14.339141845703125
-15.24580192565918
-10.207155227661133
-13.314717292785645
-7.861700057983398
-12.310754776000977
-12.709885597229004
-13.201864242553711
-13.99787425994873
-13.566962242126465
-14.07304573059082
-12.696430206298828
-14.498720169067383
-13.043609619140625
-12.54662036895752
-13.334277153015137
-13.125856399536133
-13.116113662719727
-13.524930000305176
-13.135729789733887
-14.247076034545898
-13.68722152709961
-13.867517471313477
-10.487223625183105
-10.803129196166992
-13.262855529785156
-13.348712921142578
-9.557910919189453
-13.279244422912598
-14.159181594848633
-6.480523109436035
-10.80170726776123
-13.656940460205078
-13.445540428161621
-13.081198692321777
-12.055157661437988
-13.173998832702637
-10.87578010559082
-11.63814926147461
-13.58556079864502
-13.579313278198242
-5.314549446105957
-14.679186820983887
-13.841597557067871
-9.28766918182373
-6.732367515563965
-10.898765563964844
-13.285134315490723
-9.190476417541504
-6.537652492523193
-14.101297378540039
-10.327895164489746
-12.546463966369629
-8.376765251159668
-13.227757453918457
-0.05493037402629852
-8.153840065002441
-13.984293937683105
-9.965866088867188
-5.596230983734131
-11.12537956237793
-10.053709983825684
-14.003846168518066
-9.464583396911621
-9.565458297729492
-12.38727855682373
-6.027883529663086
-9.231760025024414
-10.03427505493164
-12.448678970336914
1.0611395835876465
-12.676837921142578
-12.02990436553955
-11.21886920928955
-13.571219444274902
-13.785782814025879
-8.579117774963379
-7.323051452636719
-13.463690757751465
-11.926138877868652
-11.851103782653809
-13.909504890441895
-12.898194313049316
-13.852885246276855
-11.581589698791504
-11.7998046875
-14.303272247314453
-13.619421005249023
-13.503934860229492
-13.038942337036133
-13.184357643127441
-11.402859687805176
-10.292094230651855
-7.199345111846924
-9.639549255371094
-13.999391555786133
-11.631879806518555
-13.41660213470459
-13.604344367980957
-12.494132995605469
-10.58120346069336
-13.8009614944458
-13.91195297241211
-11.57664966583252
-10.103265762329102
-13.956000328063965
-10.593395233154297
-12.598158836364746
-13.762701034545898
-12.280726432800293
-10.971698760986328
-13.588974952697754
-11.460206985473633
-12.949586868286133
-12.949066162109375
-11.154009819030762
-12.416916847229004
-13.303199768066406
-13.217013359069824
-13.715500831604004
-12.252199172973633
-12.248353004455566
-10.259333610534668
-13.465128898620605
-4.092637062072754
-14.846151351928711
-6.54254674911499
-11.14234447479248
-11.078214645385742
-13.443799018859863
-9.34327220916748
-11.16586971282959
-11.813506126403809
-12.585436820983887
-7.4313740730285645
-15.163411140441895
-12.944402694702148
-4.417933940887451
-14.913318634033203
-13.844727516174316
-6.94767951965332
-13.913786888122559
-14.266889572143555
-13.740205764770508
-13.02237606048584
-13.819875717163086
-7.470549583435059
-8.679048538208008
-13.962392807006836
-11.952759742736816
-10.562321662902832
-14.399901390075684
-11.971699714660645
-12.854572296142578
-11.821271896362305
-10.027398109436035
-13.150471687316895
-4.405467987060547
-13.783199310302734
-10.266210556030273
-11.213065147399902
-12.350259780883789
-15.568175315856934
-12.815929412841797
-7.567278861999512
-13.236926078796387
-13.019492149353027
-11.326085090637207
-13.522350311279297
-13.86240291595459
-12.537654876708984
-13.188506126403809
-12.248044967651367
-5.81226110458374
-10.043615341186523
-10.151213645935059
-12.978883743286133
-12.00074577331543
-13.598352432250977
-11.92813491821289
-4.932737827301025
-9.079689025878906
-12.13724136352539
-15.08609676361084
-14.447275161743164
-11.738876342773438
-9.357528686523438
-14.136143684387207
-10.126352310180664
-6.976794242858887
-8.92090892791748
-12.720627784729004
-10.294112205505371
-8.896517753601074
-11.835291862487793
-12.495904922485352
-12.862483024597168
-13.648751258850098
-13.649325370788574
-4.927585601806641
-12.268988609313965
-8.223819732666016
-9.925378799438477
-13.0311861038208
-13.446399688720703
-11.13610553741455
-11.688393592834473
-10.32762622833252
-12.279608726501465
-11.389177322387695
-10.733440399169922
-14.493265151977539
-14.34043025970459
-13.503499984741211
-12.352904319763184
-10.867444038391113
-11.461298942565918
-3.15726375579834
-13.678643226623535
-11.753289222717285
-7.658624172210693
-14.112585067749023
-14.425786972045898
-0.5179072022438049
-6.665516376495361
-6.9301018714904785
-13.436676025390625
-11.82459831237793
-13.766493797302246
-5.24824333190918
-11.217499732971191
-11.552404403686523
-11.456755638122559
-12.388837814331055
-8.827022552490234
-9.79887866973877
-8.604966163635254
-13.668283462524414
-11.21764087677002
-7.861777305603027
-11.979057312011719
-8.912203788757324
-11.769304275512695
-10.552292823791504
-9.157567977905273
-12.410163879394531
-11.828895568847656
-12.78050422668457
-13.791165351867676
-12.0166597366333
-8.943971633911133
-13.371981620788574
-12.442344665527344
-13.83189868927002
-11.961813926696777
-13.384908676147461
-10.232536315917969
-9.876640319824219
-5.565974235534668
-12.209901809692383
-9.83055591583252
-13.482673645019531
-7.6338396072387695
-8.72219467163086
-13.157713890075684
-14.190790176391602
-13.87287425994873
-14.809600830078125
-11.754498481750488
-12.672198295593262
-13.351234436035156
-7.510825157165527
-12.406474113464355
-12.488714218139648
-11.478635787963867
-11.115234375
-12.924711227416992
-12.451343536376953
-9.356870651245117
-11.990989685058594
-6.5920257568359375
-8.144003868103027
-9.684537887573242
-8.618383407592773
-14.124350547790527
-13.701761245727539
-3.8527023792266846
-13.598151206970215
-12.398136138916016
-11.139325141906738
-13.313260078430176
-13.413315773010254
-13.466817855834961
-5.674257755279541
-13.2162446975708
-12.827567100524902
-11.648978233337402
-11.945074081420898
-10.775182723999023
-12.575364112854004
-11.671784400939941
-12.827170372009277
-12.305774688720703
-12.103696823120117
-12.79709243774414
-12.993905067443848
-7.389170169830322
-3.753962993621826
-12.18651008605957
-7.560723781585693
-7.800939083099365
-11.70136833190918
-14.383475303649902
-14.73122501373291
-14.525628089904785
-8.416272163391113
-6.420938968658447
-9.258769035339355
-12.709951400756836
-7.018869400024414
-8.789758682250977
-12.542348861694336
-12.463842391967773
-9.977755546569824
-9.67288589477539
-8.185647010803223
-12.68485164642334
-13.556601524353027
-14.009875297546387
-8.413692474365234
-7.830538749694824
-11.41236400604248
-13.157939910888672
0.49295610189437866
-10.702129364013672
-11.74781322479248
-14.397709846496582
-10.063011169433594
-10.338510513305664
-13.423773765563965
-12.866006851196289
-12.478339195251465
-9.05347728729248
-14.372761726379395
-11.731794357299805
-12.86328125
-14.271095275878906
-15.251744270324707
-1.8922479152679443
-8.218422889709473
-12.860790252685547
-12.196311950683594
-10.039128303527832
-11.971383094787598
-9.076181411743164
-14.099381446838379
-12.608595848083496
-10.39898681640625
-14.071942329406738
-13.004536628723145
-14.722513198852539
-13.620476722717285
-10.460832595825195
-12.316115379333496
-10.415178298950195
-14.464462280273438
-8.310322761535645
-10.350617408752441
-8.650891304016113
-8.921494483947754
-13.613814353942871
-12.79393482208252
-8.273496627807617
-13.589810371398926
-13.073334693908691
-12.844779014587402
-13.885154724121094
-13.747140884399414
-13.241921424865723
-9.061854362487793
-12.564229011535645
-13.079257011413574
-13.590993881225586
-12.43054485321045
-11.536349296569824
-8.391529083251953
-11.17882251739502
-13.960627555847168
-11.144635200500488
-13.287954330444336
-9.5337495803833
-13.333720207214355
-7.5097336769104
-14.038007736206055
-12.595341682434082
-13.196754455566406
-12.191651344299316
-11.460938453674316
-13.345841407775879
-10.995689392089844
-11.861852645874023
-13.049483299255371
-8.017822265625
-10.555122375488281
-13.696013450622559
-9.106761932373047
-13.909582138061523
-8.459824562072754
-13.522825241088867
-11.070676803588867
-9.667414665222168
-14.39798641204834
-13.490570068359375
-9.537314414978027
-11.911280632019043
-12.452938079833984
-9.04871940612793
-2.815371513366699
-12.393579483032227
-14.267075538635254
-10.628360748291016
-13.3854341506958
-13.553624153137207
-12.35595417022705
-13.270136833190918
-12.947952270507812
-10.605659484863281
-12.624032020568848
-11.715447425842285
-13.561460494995117
-10.217131614685059
-14.299591064453125
-13.785917282104492
-9.820469856262207
-14.934083938598633
-12.247940063476562
-12.728071212768555
-12.328436851501465
-13.784976959228516
-11.773953437805176
-13.300692558288574
-12.9296236038208
-12.47225284576416
-12.731465339660645
-13.326225280761719
-12.68632984161377
-11.579632759094238
-12.970157623291016
-14.051645278930664
-12.705826759338379
-14.300191879272461
-11.804533004760742
-13.338743209838867
-8.734699249267578
-12.106629371643066
-10.099930763244629
-10.892528533935547
-11.990623474121094
-13.96774673461914
-12.905346870422363
-11.827609062194824
-12.009844779968262
-12.934232711791992
-12.081162452697754
-9.08828353881836
-14.322257041931152
-13.20258617401123
-13.461956977844238
-12.520955085754395
-11.101091384887695
-11.288311958312988
-8.502612113952637
-12.148710250854492
-13.173068046569824
-10.799985885620117
-13.30579948425293
-11.053592681884766
-12.925353050231934
-9.370851516723633
-6.903264045715332
-9.455893516540527
-13.254631996154785
-12.266833305358887
-12.078742980957031
-13.104473114013672
-12.305703163146973
-7.371359825134277
-15.28944206237793
-13.787301063537598
-11.308612823486328
-12.46772575378418
-8.236881256103516
-12.855639457702637
-9.045928001403809
-9.361076354980469
-9.7030029296875
-7.2504472732543945
-7.369969844818115
-13.614386558532715
-8.70200252532959
-12.567584991455078
-10.926591873168945
-12.319443702697754
-11.399803161621094
-9.36767864227295
-12.747681617736816
-13.452139854431152
-12.300962448120117
-13.678040504455566
-13.284600257873535
-14.196840286254883
-8.786388397216797
-9.527377128601074
-10.689105987548828
-10.799650192260742
-7.82301139831543
-13.265885353088379
-13.845081329345703
-14.80920696258545
-8.496426582336426
-11.021819114685059
-12.518238067626953
-11.862909317016602
-12.9219388961792
-12.455819129943848
-12.767169952392578
-13.65343189239502
-13.661837577819824
-11.805272102355957
-10.697905540466309
-13.222506523132324
-12.977938652038574
-3.47068190574646
-10.040512084960938
-8.11290168762207
3.1739189624786377
-0.02764856070280075
-11.976969718933105
-4.280674457550049
-4.12699031829834
-12.271422386169434
-15.112765312194824
-9.347566604614258
-6.84528923034668
-12.156621932983398
-6.298549652099609
-11.313448905944824
-8.315157890319824
-12.622493743896484
-7.278956413269043
-6.904120922088623
-8.761762619018555
-0.47610118985176086
-10.284571647644043
-1.949580192565918
-3.0647215843200684
-11.781352043151855
-13.880910873413086
-13.52161979675293
-8.758849143981934
-12.470709800720215
-3.5560805797576904
-11.192696571350098
-10.112043380737305
-11.457791328430176
-9.794797897338867
-4.455461025238037
-13.144771575927734
-10.444140434265137
-13.253020286560059
-9.940713882446289
-14.200675964355469
-12.881046295166016
-12.867491722106934
-12.921270370483398
-11.481741905212402
-13.274068832397461
-9.174920082092285
-13.64937973022461
-10.5184326171875
-11.971602439880371
-4.850726127624512
-11.94985294342041
-4.703290939331055
-10.031876564025879
-14.188112258911133
-13.289977073669434
-11.13293743133545
-12.68156909942627
-15.29870891571045
-12.617250442504883
-14.08704662322998
-5.648399353027344
-12.840507507324219
-11.607924461364746
-10.357736587524414
-14.523488998413086
-13.662872314453125
-14.423428535461426
-12.752791404724121
-15.504664421081543
-12.829565048217773
-12.396717071533203
-10.78462028503418
-13.026257514953613
-11.338309288024902
-14.408286094665527
-12.838301658630371
-13.696296691894531
-14.007201194763184
-13.489659309387207
-12.383904457092285
-11.626317977905273
-8.828371047973633
-14.456801414489746
-12.45246410369873
-11.747179985046387
-12.769613265991211
-13.595584869384766
-11.54128360748291
-11.3294095993042
-13.21666431427002
-2.864593982696533
-13.136930465698242
-12.838820457458496
-13.304232597351074
-11.185248374938965
-13.415714263916016
-11.983471870422363
-9.607973098754883
-9.98450756072998
-9.642970085144043
-0.6217694878578186
-10.546430587768555
-11.898940086364746
-12.663991928100586
-13.176474571228027
-10.182711601257324
-12.697834968566895
-12.761130332946777
-8.78079605102539
-6.02428674697876
-11.062606811523438
-13.284540176391602
-13.107135772705078
-9.178803443908691
-8.510730743408203
-3.0803680419921875
-7.483691692352295
-11.15489387512207
-12.19048023223877
-11.606343269348145
-13.041885375976562
-12.250337600708008
-11.409489631652832
-13.122150421142578
-14.149739265441895
-12.795012474060059
-11.561844825744629
-6.694498538970947
-5.051362991333008
-15.192258834838867
-10.941937446594238
-12.765247344970703
-12.994643211364746
-14.634174346923828
-13.136443138122559
-13.331306457519531
-9.572690963745117
-11.484118461608887
-11.585604667663574
-10.32889175415039
-13.821027755737305
-13.50968074798584
-12.365402221679688
-11.569480895996094
-13.3267240524292
-10.781256675720215
-9.26791763305664
-14.29488468170166
-13.135923385620117
-9.22410774230957
-12.692028045654297
-12.41440486907959
-12.689093589782715
-11.727643013000488
-11.816615104675293
-10.594547271728516
-10.927959442138672
-13.026920318603516
-9.268928527832031
-11.913090705871582
-10.706870079040527
-10.781036376953125
-13.677693367004395
-12.980634689331055
-12.367615699768066
-12.6583833694458
-12.99200439453125
-9.477811813354492
-14.085022926330566
-13.568148612976074
-12.58127498626709
-12.918244361877441
-13.81313705444336
-14.498052597045898
-12.739935874938965
-9.321173667907715
-7.752926349639893
-11.92267894744873
-10.116703033447266
-11.918728828430176
-12.519248008728027
-11.244107246398926
-13.950608253479004
-7.258720397949219
-12.95964241027832
-13.688458442687988
-12.002732276916504
-11.065747261047363
-13.410093307495117
-10.299310684204102
-8.591279983520508
-8.993642807006836
-11.31455135345459
-13.267365455627441
-11.584844589233398
-13.759161949157715
-12.676172256469727
-8.40645980834961
-13.487068176269531
-12.344749450683594
-12.762019157409668
-11.820879936218262
-12.795380592346191
-5.680808067321777
-10.78111457824707
-14.398194313049316
-14.592697143554688
-10.348240852355957
-12.543054580688477
-12.130867004394531
-9.844688415527344
-12.380938529968262
-13.701580047607422
-12.88547134399414
-12.453551292419434
-13.858624458312988
-9.626046180725098
-9.84697151184082
-12.687084197998047
-11.455618858337402
-12.673200607299805
-13.026108741760254
-13.315103530883789
-13.332076072692871
-13.023088455200195
-13.722912788391113
-13.361748695373535
-11.675762176513672
-13.677079200744629
-10.415881156921387
-15.117382049560547
-12.580904006958008
-12.809517860412598
-13.748710632324219
-9.412094116210938
-14.457738876342773
-8.891569137573242
-13.28297233581543
-15.158360481262207
-13.984930038452148
-13.26384162902832
-13.28394603729248
-13.635087966918945
-13.375572204589844
-12.49107551574707
-13.476078987121582
-13.266538619995117
-12.478656768798828
-14.707362174987793
-12.016563415527344
-7.845759391784668
-11.775961875915527
-13.022032737731934
-12.079484939575195
-11.996337890625
-11.546282768249512
-12.02673625946045
-12.612010955810547
-12.767608642578125
-10.274136543273926
-13.682572364807129
-13.109952926635742
-12.166893005371094
-11.66175651550293
-12.524812698364258
-13.013649940490723
-11.44029426574707
-13.349889755249023
-13.456472396850586
-13.761392593383789
-9.479368209838867
-12.071106910705566
-13.20976448059082
-13.380838394165039
-9.5316801071167
-13.772161483764648
-14.002578735351562
-12.846982955932617
-11.143348693847656
-12.142374992370605
-10.71364688873291
-9.111592292785645
-9.26101303100586
-10.571612358093262
-11.928098678588867
-13.329580307006836
-11.801973342895508
-12.665936470031738
-12.100759506225586
-8.890992164611816
-7.254237651824951
-8.085906982421875
-2.8519129753112793
-11.706013679504395
-12.460875511169434
-10.813920974731445
-10.367528915405273
-12.580815315246582
-11.383743286132812
-7.168089866638184
-13.425251007080078
-2.9247961044311523
-2.025438070297241
-14.373144149780273
-3.7867069244384766
-9.621026039123535
-11.718323707580566
-11.18766975402832
-12.704632759094238
-13.684172630310059
-12.056215286254883
-1.1599022150039673
-11.013872146606445
-13.704092979431152
-7.699953556060791
-14.093499183654785
-12.918937683105469
-14.129692077636719
-13.50550651550293
-4.956927299499512
-13.99199390411377
-7.279824733734131
-13.448040008544922
-14.376884460449219
-10.310064315795898
-14.223172187805176
-8.224339485168457
-12.811656951904297
-5.606814384460449
-11.824702262878418
-13.848492622375488
-11.846609115600586
-12.088144302368164
-15.656696319580078
-11.983125686645508
-12.990608215332031
-13.569280624389648
-9.427142143249512
-11.94997501373291
-12.927776336669922
-12.493030548095703
-13.431012153625488
-13.8631591796875
-12.600419044494629
-12.891018867492676
-11.03708267211914
-9.81923770904541
-14.355298042297363
-13.908319473266602
-9.376860618591309
-13.85300064086914
-5.045299053192139
-8.234212875366211
-10.519115447998047
-10.43088150024414
-12.939203262329102
-13.160531997680664
-11.572087287902832
-12.94796371459961
-11.444174766540527
-9.107220649719238
-12.826869010925293
-11.631251335144043
-11.91181468963623
-13.627240180969238
-13.717280387878418
-13.829730033874512
-12.790884017944336
-15.303889274597168
-8.747471809387207
-13.667759895324707
-13.995314598083496
