26.215979103094313
26.295846518625783
26.253503192036778
26.152887898103263
26.12716750765929
26.306701153405292
26.147860882339724
26.241123867073988
26.322106794918874
26.118832783874648
26.58716458497731
26.404160989215274
26.11971751576679
26.124366981694305
26.195654487545532
26.183623262653796
26.167148857699015
26.9825252623264
26.1507644452285
26.68942184600741
26.765498325352915
26.316847383772316
26.89724160960788
26.493614777042716
27.008282606585684
26.188316771740176
26.652083824212475
26.936104731649113
26.478911214261263
26.14750186001889
