27.52171047501879
27.590190892226925
27.49121032968313
27.464093897877447
27.421369141487872
27.59931657828674
27.459156789309432
27.54358683935612
27.53478706859
27.42317179508867
27.82845725541407
27.680103991921843
27.42625252879687
27.433525763829405
27.50370271465192
27.492854387630192
27.43992832943121
28.142136372464126
27.431331100274143
27.910245645398728
27.970745320485623
27.607818477898565
28.074968121087753
27.753017177338247
28.1623828223133
27.497106296458377
27.88045040329296
28.10560230441501
27.741092228666897
27.45880029207847
