-26.482755661010742
-27.00259017944336
-27.119173049926758
-27.305089950561523
-27.342754364013672
-27.393295288085938
-27.326557159423828
-27.289527893066406
-27.350343704223633
-27.37581443786621
-27.321617126464844
-27.302303314208984
-27.351829528808594
-27.326189041137695
-27.304122924804688
-27.176252365112305
-27.257305145263672
-27.29701042175293
-27.34049415588379
-27.386037826538086
-27.379024505615234
-27.39389419555664
-27.364187240600586
-27.353914260864258
-27.373640060424805
-27.394094467163086
-27.39435386657715
-27.39444351196289
-27.387332916259766
-27.36887550354004
-27.307476043701172
-27.394287109375
-27.342025756835938
-27.393957138061523
-27.300783157348633
-27.20812225341797
-26.992300033569336
-26.81587028503418
-26.381681442260742
-26.61092185974121
-26.48906898498535
-26.166563034057617
-26.65949821472168
-27.118988037109375
-27.223939895629883
-27.263776779174805
-27.33555793762207
-27.37556266784668
-27.296110153198242
-27.210363388061523
-27.060850143432617
-26.978910446166992
-26.739444732666016
-26.87860870361328
-26.83415985107422
-26.724990844726562
-26.53022575378418
-26.567026138305664
-26.647756576538086
