-27.075641250610353
-27.06402955736433
-27.05070260854868
-27.0405437151591
-27.031091690063477
-27.019733810424803
-27.00278155008952
-26.983740091323853
-26.969103404453822
-26.997339884440105
-27.05380630493164
-27.03381872177124
-26.969748814900715
-26.902847290039062
-26.881553649902344
-27.148437881469725
-27.164555413382395
-27.19842367905837
-27.199196656545002
-27.208619724620473
-27.211101150512697
-27.20864486694336
-27.206807851791382
-27.202782494681223
-27.19841416676839
-27.190338134765625
-27.19528341293335
-27.19521713256836
-27.182618141174316
-27.12645149230957
-27.185114669799805
-27.190802574157715
-27.188867275531475
-27.184746424357098
-27.186221729625355
-27.188642311096192
-27.18332396613227
-27.189524173736572
-27.18386241367885
-27.17511494954427
-27.16500816345215
-27.197364330291748
-27.227211634318035
-27.23734760284424
-27.235929489135742
-26.98195063273112
-26.96495805467878
-26.94567430936373
-26.93281316757202
-26.93184419111772
-26.933124351501466
-26.91863865322537
-26.89644479751587
-26.854588099888392
-26.826207478841145
-26.823000717163087
-26.923643589019775
-27.11124038696289
-27.185112953186035
-27.2127685546875
-27.142523829142252
-27.14052254813058
-27.141690767728367
-27.137861887613933
-27.128990346735176
-27.118172454833985
-27.10705714755588
-27.114813804626465
-27.168174743652344
-27.183704376220703
-27.17630958557129
-27.182066440582275
-27.192707061767578
-27.200797080993652
-27.218469619750977
-26.999365234375
-26.9898065839495
-27.02556008559007
-27.089596271514893
-27.138798453591086
-27.16813735961914
-27.167676713731552
-27.16254997253418
-27.18270547049386
-27.191728591918945
-27.182746124267577
-27.172066688537598
-27.151025772094727
-27.11202335357666
-27.011018753051758
-27.150827407836914
-27.16332517351423
-27.161598499004658
-27.16946570078532
-27.165482781150125
-27.173021697998045
-27.187738206651474
-27.182053565979004
-27.183687210083008
-27.211848258972168
-27.21875
-27.213744640350342
-27.20551872253418
-27.19872760772705
-27.238706588745117
-27.067625681559246
-27.05613613128662
-27.043289331289436
-27.027440230051678
-27.008250149813566
-26.985952949523927
-26.95854271782769
-26.935996770858765
-26.90559196472168
-26.852907180786133
-26.789312744140624
-26.731050491333008
-26.68892542521159
-26.59804630279541
-26.463624954223633
-27.013356653849282
-27.02888802119664
-27.0230346092811
-27.02173948287964
-27.040063511241566
-27.06399803161621
-27.089382807413738
-27.101431131362915
-27.118378230503627
-27.146084785461426
-27.150629425048827
-27.132178783416748
-27.103814442952473
-27.170161247253418
-27.191282272338867
-27.10611826578776
-27.11394432612828
-27.125827349149265
-27.123518466949463
-27.118185910311613
-27.117617416381837
-27.107265048556858
-27.114238739013672
-27.149388449532644
-27.175617218017578
-27.1926700592041
-27.20166254043579
-27.199443181355793
-27.207489013671875
-27.212453842163086
-26.956639989217123
-26.94259343828474
-26.937157264122597
-26.92538038889567
-26.91856436295943
-26.905510330200194
-26.919965108235676
-26.910333395004272
-26.914026260375977
-26.937883059183758
-26.997991180419923
-27.14257287979126
-27.21830113728841
-27.219654083251953
-27.217222213745117
-26.83006540934245
-26.81028311593192
-26.806350708007812
-26.88982915878296
-27.00322914123535
-27.063256454467773
-27.12604226006402
-27.14147162437439
-27.135941641671316
-27.122920036315918
-27.12090148925781
-27.144768238067627
-27.16335932413737
-27.15093994140625
-27.231447219848633
-27.097247823079428
-27.08760384150914
-27.077899786142204
-27.06502898534139
-27.079003767533735
-27.112716484069825
-27.102821562025284
-27.08700919151306
-27.06533976963588
-27.03693421681722
-26.997850036621095
-26.937639713287354
-26.837249120076496
-26.694732666015625
-26.511991500854492
-27.055804189046224
-27.102513994489396
-27.110512073223408
-27.10105021794637
-27.09962307323109
-27.08658962249756
-27.070975409613716
-27.053954124450684
-27.094543729509628
-27.100650787353516
-27.125638961791992
-27.17228364944458
-27.2216002146403
-27.23403835296631
-27.23320960998535
-27.103569412231444
-27.094294820513046
-27.094258088331955
-27.100486755371094
-27.088076331398703
-27.079485130310058
-27.064911948310005
-27.050888299942017
-27.053388050624303
-27.05496311187744
-27.023905944824218
-26.974059104919434
-26.88946024576823
-26.717799186706543
-26.84256935119629
-27.131161499023438
-27.133957862854004
-27.130502847524788
-27.13271427154541
-27.128361788662996
-27.121281814575195
-27.12482367621528
-27.131833791732788
-27.119048799787247
-27.106400807698567
-27.086175537109376
-27.10363006591797
-27.192476908365887
-27.212103843688965
-27.224077224731445
-27.14142354329427
-27.13457271030971
-27.127366579495945
-27.1188063621521
-27.107953851873223
-27.097297286987306
-27.093264473809135
-27.086132526397705
-27.073167528424943
-27.07051722208659
-27.072122192382814
-27.039359092712402
-26.97637875874837
-26.86319351196289
-26.69569969177246
-27.101599884033202
-27.128880500793457
-27.12159831707294
-27.112365245819092
-27.104847127741035
-27.105268669128417
-27.148391723632812
-27.169410705566406
-27.169710976736887
-27.19695981343587
-27.231575393676756
-27.231117725372314
-27.232656478881836
-27.23000431060791
-27.221513748168945
-26.949046961466472
-26.93910230909075
-26.95225378183218
-26.972535769144695
-27.003373579545453
-27.025558853149413
-27.004097408718533
-26.974918127059937
-26.950868606567383
-26.916621208190918
-26.85222396850586
-26.80021047592163
-26.830643971761067
-26.7479190826416
-26.8886661529541
-27.18058827718099
-27.17676407950265
-27.172367829542893
-27.169944445292156
-27.171058134599164
-27.16570453643799
-27.159474478827583
-27.149995803833008
-27.13927514212472
-27.132584889729817
-27.15608940124512
-27.141233921051025
-27.118876775105793
-27.145801544189453
-27.165695190429688
-27.111817932128908
-27.102924346923828
-27.093023740328274
-27.081319491068523
-27.083810979669746
-27.089943885803223
-27.08099471198188
-27.06975293159485
-27.089421136038645
-27.081188837687176
-27.112899780273438
-27.151365756988525
-27.205272674560547
-27.238571166992188
-27.2387638092041
-27.139975611368815
-27.139708382742747
-27.153931250939003
-27.18499501546224
-27.18960259177468
-27.19406223297119
-27.209774865044487
-27.20657992362976
-27.202226638793945
-27.20055039723714
-27.194684982299805
-27.201560020446777
-27.189289728800457
-27.19710350036621
-27.230892181396484
-27.114956283569335
-27.106134959629603
-27.097734451293945
-27.090977668762207
-27.091182188554242
-27.09370346069336
-27.077687157524956
-27.073866367340088
-27.07851164681571
-27.06391493479411
-27.029367446899414
-27.03591537475586
-27.146726608276367
-27.20741558074951
-27.21168327331543
24.045056788126626
27.63102149963379
27.63102149963379
27.63102149963379
27.63102149963379
27.63102149963379
27.63102149963379
27.63102149963379
27.63102149963379
27.63102149963379
27.63102149963379
27.63102149963379
27.63102149963379
27.63102149963379
27.63102149963379
27.63102149963379
27.63102149963379
27.63102149963379
27.63102149963379
27.63102149963379
27.63102149963379
27.63102149963379
27.63102149963379
27.63102149963379
27.63102149963379
27.63102149963379
27.63102149963379
27.63102149963379
27.63102149963379
27.63102149963379
27.63102149963379
27.63102149963379
27.63102149963379
27.63102149963379
27.63102149963379
27.63102149963379
27.63102149963379
27.63102149963379
27.63102149963379
27.63102149963379
27.63102149963379
27.63102149963379
27.63102149963379
27.63102149963379
27.63102149963379
27.63102149963379
27.63102149963379
27.63102149963379
27.63102149963379
27.63102149963379
27.63102149963379
27.63102149963379
27.63102149963379
27.63102149963379
27.63102149963379
27.63102149963379
27.63102149963379
27.63102149963379
27.63102149963379
27.63102149963379
27.63102149963379
27.63102149963379
27.63102149963379
27.63102149963379
27.63102149963379
27.63102149963379
27.63102149963379
27.63102149963379
27.63102149963379
27.63102149963379
27.63102149963379
27.63102149963379
27.63102149963379
27.63102149963379
27.63102149963379
27.63102149963379
27.63102149963379
27.63102149963379
27.63102149963379
27.63102149963379
27.63102149963379
27.63102149963379
27.63102149963379
27.63102149963379
27.63102149963379
27.63102149963379
27.63102149963379
27.63102149963379
27.63102149963379
27.63102149963379
27.63102149963379
27.63102149963379
27.63102149963379
27.63102149963379
27.63102149963379
27.63102149963379
27.63102149963379
27.63102149963379
27.63102149963379
27.63102149963379
27.63102149963379
27.63102149963379
27.63102149963379
27.63102149963379
27.63102149963379
9.930508295694986
8.666185923985072
7.20735241816594
5.505379994710286
3.4939580397172407
1.080251693725586
-1.8698338402642145
-5.557440757751465
-10.298649651663643
-16.620261510213215
-25.470518112182617
-25.480711936950684
-25.411069869995117
-25.306204795837402
-24.91737937927246
-26.954627736409506
-27.05834756578718
-27.08067116370568
-27.067495505015057
-27.051993456753817
-27.039500617980956
-27.040483898586697
-27.044204473495483
-27.057010923113143
-27.051998138427734
-27.069795989990233
-27.088008403778076
-27.086920420328777
-27.073083877563477
-27.080976486206055
-27.15212211608887
-27.1475921358381
-27.140590080848106
-27.14064073562622
-27.132748863913797
-27.124329376220704
-27.112773895263672
-27.128166437149048
-27.132031304495676
-27.115365664164226
-27.104845428466795
-27.09046459197998
-27.09416898091634
-27.075352668762207
-27.017433166503906
-26.804970932006835
-26.79691301073347
-26.769511002760666
-26.73253107070923
-26.68831911954013
-26.643238639831544
-26.62891345553928
-26.67863631248474
-26.726932525634766
-26.65013821919759
-26.667429733276368
-26.822105407714844
-26.933138529459637
-26.896878242492676
-26.84401512145996
-26.81078554789225
-26.790812764848983
-26.76905323908879
-26.759323596954346
-26.769281560724433
-26.825701332092287
-26.90593931410048
-26.96150827407837
-26.994984218052455
-27.04944133758545
-27.152161407470704
-27.17976140975952
-27.164430618286133
-27.183719635009766
-27.133230209350586
-26.811278279622396
-26.79674325670515
-26.786648970383865
-26.793367862701416
-26.967093207619406
-27.09834041595459
-27.178869671291775
-27.187156915664673
-27.19077546255929
-27.201369921366375
-27.20879364013672
-27.217820644378662
-27.23784001668294
-27.2382869720459
-27.238784790039062
-26.83775583902995
-26.809704780578613
-26.784980627206657
-26.761247316996258
-26.720143751664594
-26.673941612243652
-26.633652793036568
-26.59176206588745
-26.528621128627233
-26.42683760325114
-26.273007202148438
-26.054128170013428
-25.667638142903645
-25.009136199951172
-24.662612915039062
-26.195833206176758
-26.278741700308665
-26.307166172907902
-26.304905891418457
-26.35448057001287
-26.40345859527588
-26.408665551079643
-26.37612271308899
-26.361148834228516
-26.322514216105144
-26.301453018188475
-26.31697654724121
-26.47642453511556
-26.786235809326172
-26.61020851135254
-27.03431765238444
-27.18480178288051
-27.18064674964318
-27.197238445281982
-27.198891032825816
-27.198493194580077
-27.203509012858074
-27.205682039260864
-27.202106748308456
-27.196332931518555
-27.18798942565918
-27.183117866516113
-27.184683481852215
-27.161551475524902
-27.111541748046875
-27.100706100463867
-27.091406413487025
-27.083703994750977
-27.110563437143963
-27.156140067360617
-27.148651313781738
-27.15119785732693
-27.155938148498535
-27.15615327017648
-27.171356836954754
-27.214837265014648
-27.229647636413574
-27.227632522583008
-27.224315643310547
-27.238740921020508
-27.175749079386392
-27.185423578534806
-27.184636776263897
-27.1803936958313
-27.175453186035156
-27.178360748291016
-27.17230902777778
-27.164251565933228
-27.15364592415946
-27.139452298482258
-27.12308006286621
-27.09983491897583
-27.076810201009113
-27.026409149169922
-26.95956039428711
-27.051540883382163
-27.06194809504918
-27.06746160067045
-27.068501472473145
-27.053525057705965
-27.04214515686035
-27.05472755432129
-27.03973126411438
-27.048186710902623
-27.025264422098797
-27.070800399780275
-27.18155527114868
-27.223622004191082
-27.217318534851074
-27.211931228637695
