-26.717695236206055
-26.793174743652344
-26.900325775146484
-27.217775344848633
-27.330955505371094
-27.462528228759766
-27.498416900634766
-27.57929039001465
-27.616785049438477
-27.6309871673584
-27.613731384277344
-27.60315704345703
-27.59970474243164
-27.56896209716797
-27.582210540771484
-27.574283599853516
-27.551321029663086
-27.53359603881836
-27.550416946411133
-27.494564056396484
-27.439987182617188
-27.35181999206543
-27.39419174194336
-27.37656021118164
-27.394535064697266
-27.422536849975586
-27.400869369506836
-27.392719268798828
-27.368364334106445
-27.36543846130371
-27.358747482299805
-27.42153549194336
-27.447589874267578
-27.450927734375
-27.509767532348633
-27.503633499145508
-27.518756866455078
-27.547405242919922
-27.57945442199707
-27.5885066986084
-27.59857177734375
-27.62417221069336
-27.609010696411133
-27.6090087890625
-27.59980583190918
-27.608121871948242
-27.609649658203125
-27.6307315826416
-27.629751205444336
-27.63100814819336
-27.628122329711914
-27.618892669677734
-27.588674545288086
-27.57787322998047
-27.629161834716797
-27.625770568847656
-27.621362686157227
-27.60852813720703
-27.5639705657959
-27.557260513305664
-27.524682998657227
-27.43707847595215
-27.422651290893555
-27.415006637573242
-27.405622482299805
-27.376068115234375
-27.363412857055664
-27.35163688659668
-27.331012725830078
-27.544496536254883
-27.50497055053711
-27.5352840423584
-27.518779754638672
-27.497756958007812
-27.478307723999023
-27.46714973449707
-27.46564483642578
-27.465923309326172
-27.460918426513672
-27.439538955688477
-27.443126678466797
-27.431095123291016
-27.46239471435547
-27.496307373046875
-27.478376388549805
-27.4682559967041
-27.44871711730957
-27.474853515625
-27.50249481201172
-27.40190315246582
-27.494935989379883
-27.4939022064209
-27.588407516479492
-27.616567611694336
-27.62598419189453
-27.625816345214844
-27.62347412109375
-27.61220359802246
-27.60555076599121
-27.595624923706055
-27.613861083984375
-27.61090850830078
-27.618377685546875
-27.60494613647461
-27.630529403686523
-27.627519607543945
-27.624187469482422
-27.61539077758789
-27.60284423828125
-27.55479621887207
-27.570144653320312
-27.57500457763672
-27.590219497680664
-27.590919494628906
-27.591144561767578
-27.601856231689453
-27.595808029174805
-27.59036636352539
-27.61015510559082
-27.604848861694336
-27.60879135131836
-27.595888137817383
-27.61241340637207
-27.620281219482422
-27.588600158691406
-27.594928741455078
-27.575231552124023
-27.572267532348633
-27.38853645324707
-27.33099937438965
-27.311344146728516
-27.31389045715332
-27.31066131591797
-27.38987922668457
-27.380088806152344
-27.383054733276367
-27.39415168762207
-27.42601776123047
-27.400571823120117
-27.40120506286621
-27.38422966003418
-27.367706298828125
-27.349348068237305
-27.322145462036133
-27.34564208984375
-27.34477996826172
-27.331647872924805
-27.382583618164062
-27.41091537475586
-27.407915115356445
-27.414539337158203
-27.4685001373291
-27.502714157104492
-27.485687255859375
-27.52513885498047
-27.54058074951172
-27.535234451293945
-27.52181053161621
-27.526687622070312
-27.502599716186523
-27.50126075744629
-27.454145431518555
-27.41487693786621
-27.426361083984375
-27.415191650390625
-27.413246154785156
-27.38679313659668
-27.33729362487793
-27.33754539489746
-27.356178283691406
-27.37833595275879
-27.39313507080078
-27.37306022644043
-27.434703826904297
-27.615528106689453
-27.60986328125
-27.621644973754883
-27.471149444580078
-27.497575759887695
-27.2507381439209
-27.342424392700195
-27.370521545410156
-27.465063095092773
-27.545438766479492
-27.575998306274414
-27.592321395874023
-27.62630844116211
-27.630826950073242
-27.631004333496094
-27.630577087402344
-27.615705490112305
-27.616138458251953
-27.604726791381836
-27.586633682250977
-27.580421447753906
-27.57073402404785
-27.573068618774414
-27.613454818725586
-27.630735397338867
-27.6220760345459
-27.63032341003418
-27.63057518005371
-27.62919044494629
-27.62286376953125
-27.626712799072266
-27.62417221069336
-27.614276885986328
-27.59400749206543
-27.60013771057129
-27.607864379882812
-27.629737854003906
-27.63011360168457
-27.619142532348633
-27.627775192260742
-27.62466812133789
-27.630733489990234
-27.62488555908203
-27.626461029052734
-27.628629684448242
-27.629648208618164
-27.62358856201172
-27.615617752075195
-27.612642288208008
-27.60409164428711
-27.614105224609375
-27.620418548583984
-27.616296768188477
-27.554153442382812
-27.597654342651367
-27.606950759887695
-27.61394500732422
-27.61025047302246
-27.6309814453125
-27.630598068237305
-27.52153778076172
-27.470430374145508
-27.44692611694336
-27.489587783813477
-27.515928268432617
-27.60812759399414
-27.630130767822266
-27.62910270690918
-27.62468147277832
-27.628259658813477
-27.613561630249023
-27.585813522338867
-27.53999900817871
-27.551990509033203
-27.56761932373047
-27.55162239074707
-27.55604362487793
-27.53147315979004
-27.527503967285156
-27.506752014160156
-27.49710464477539
-27.5168514251709
-27.5415096282959
-27.545923233032227
-27.58340072631836
-27.620872497558594
-27.630884170532227
-27.629541397094727
-27.604990005493164
-27.583255767822266
-27.572084426879883
-27.5714168548584
-27.552824020385742
-27.530454635620117
-27.54892349243164
-27.582822799682617
-27.556758880615234
-27.550498962402344
-27.550827026367188
-27.50625228881836
-27.61756134033203
-27.606998443603516
-27.62168312072754
-27.621471405029297
-27.587251663208008
-27.58702278137207
-27.569217681884766
-27.55173683166504
-27.52359962463379
-27.51799964904785
-27.501380920410156
-27.53216552734375
-27.547178268432617
-27.596261978149414
-27.626733779907227
-27.631004333496094
-27.609132766723633
-27.609508514404297
-27.589916229248047
-27.546852111816406
-27.556428909301758
-27.51259994506836
-27.52876091003418
-27.52145004272461
-27.492679595947266
-27.529409408569336
-27.53337860107422
-27.53705596923828
-27.521028518676758
-27.53087043762207
-27.531726837158203
-27.532480239868164
-27.55775260925293
-27.557933807373047
-27.53875160217285
-27.56044578552246
-27.56806182861328
-27.502307891845703
-27.473758697509766
-27.476966857910156
-27.527902603149414
-27.551843643188477
-27.571224212646484
-27.42235565185547
-27.43670654296875
-27.48908805847168
-27.51178741455078
-27.44597625732422
-27.47667694091797
-27.53667449951172
-27.52035140991211
-27.565776824951172
-27.54507064819336
-27.53852653503418
-27.519546508789062
-27.51449203491211
-27.503293991088867
-27.54419708251953
-27.540254592895508
-27.630844116210938
-27.622575759887695
-27.62138557434082
-27.61640167236328
-27.603492736816406
-27.59035301208496
-27.5535945892334
-27.544036865234375
-27.569456100463867
-27.548397064208984
-27.557790756225586
-27.56571388244629
-27.583770751953125
-27.583118438720703
-27.57476806640625
-27.565858840942383
-27.599123001098633
-27.625741958618164
-27.630603790283203
-27.63083839416504
-27.611751556396484
-27.60838508605957
-27.621238708496094
-27.61174201965332
-27.624176025390625
-27.618297576904297
-27.630775451660156
27.63102149963379
27.63102149963379
27.63102149963379
27.63102149963379
27.63102149963379
27.63102149963379
27.63102149963379
27.63102149963379
27.63102149963379
27.63102149963379
27.63102149963379
27.63102149963379
27.63102149963379
27.63102149963379
27.63102149963379
27.63102149963379
27.63102149963379
27.63102149963379
27.63102149963379
27.63102149963379
27.63102149963379
27.63102149963379
27.63102149963379
27.63102149963379
27.63102149963379
27.63102149963379
27.63102149963379
27.63102149963379
27.63102149963379
27.63102149963379
27.63102149963379
27.63102149963379
27.63102149963379
27.63102149963379
27.63102149963379
27.63102149963379
27.63102149963379
27.63102149963379
27.63102149963379
27.63102149963379
27.63102149963379
27.63102149963379
27.63102149963379
27.63102149963379
27.63102149963379
27.63102149963379
27.63102149963379
27.63102149963379
27.63102149963379
27.63102149963379
27.63102149963379
27.63102149963379
27.63102149963379
27.63102149963379
27.63102149963379
27.63102149963379
27.63102149963379
27.63102149963379
27.63102149963379
27.63102149963379
27.63102149963379
27.63102149963379
27.63102149963379
27.63102149963379
27.63102149963379
27.63102149963379
27.63102149963379
27.63102149963379
27.63102149963379
27.63102149963379
27.63102149963379
27.63102149963379
27.63102149963379
27.63102149963379
27.63102149963379
27.63102149963379
27.63102149963379
27.63102149963379
27.63102149963379
27.63102149963379
27.63102149963379
27.63102149963379
27.63102149963379
27.63102149963379
27.63102149963379
27.63102149963379
27.63102149963379
27.63102149963379
27.63102149963379
27.63102149963379
27.63102149963379
27.63102149963379
27.63102149963379
27.63102149963379
27.63102149963379
27.63102149963379
27.63102149963379
27.63102149963379
27.63102149963379
27.63102149963379
27.63102149963379
27.63102149963379
27.63102149963379
27.63102149963379
27.63102149963379
27.63102149963379
27.63102149963379
27.63102149963379
27.63102149963379
27.63102149963379
27.63102149963379
27.63102149963379
27.63102149963379
27.63102149963379
-25.19717025756836
-25.999675750732422
-26.551395416259766
-27.06256103515625
-27.315675735473633
-27.494365692138672
-27.614171981811523
-27.6225528717041
-27.589218139648438
-27.61500358581543
-27.629751205444336
-27.63001823425293
-27.611175537109375
-27.60940170288086
-27.557960510253906
-27.511215209960938
-27.480079650878906
-27.488037109375
-27.480539321899414
-27.50728988647461
-27.627037048339844
-27.630207061767578
-27.626718521118164
-27.61461067199707
-27.630779266357422
-27.62729263305664
-27.63011360168457
-27.61931037902832
-27.60079002380371
-27.589702606201172
-27.544082641601562
-27.54681396484375
-27.47004508972168
-27.44378089904785
-27.335968017578125
-27.31776237487793
-27.35337257385254
-27.392780303955078
-27.4180850982666
-27.43339729309082
-27.43531036376953
-27.571149826049805
-27.629840850830078
-27.6304874420166
-27.61728858947754
-27.619861602783203
-27.628128051757812
-27.629728317260742
-27.618133544921875
-27.59151840209961
-27.59613800048828
-27.579282760620117
-27.546554565429688
-27.486608505249023
-27.38842010498047
-27.287643432617188
-27.309293746948242
-27.311920166015625
-27.30841064453125
-27.25520896911621
-27.138391494750977
-27.28940773010254
-27.570096969604492
-27.52118682861328
-27.48381996154785
-27.45922088623047
-27.422853469848633
-27.4466552734375
-27.430723190307617
-27.494016647338867
-27.542835235595703
-27.551544189453125
-27.599491119384766
-27.617448806762695
-27.630624771118164
-27.61945343017578
-27.63019561767578
-27.629026412963867
-27.605093002319336
-27.571775436401367
-27.576175689697266
-27.602018356323242
-27.618547439575195
-27.62030792236328
-27.62895965576172
-27.627798080444336
-27.61683464050293
-27.60211944580078
-27.626665115356445
-27.594850540161133
-27.61139488220215
-27.193592071533203
-27.269094467163086
-27.169965744018555
-27.216951370239258
-27.336898803710938
-27.343463897705078
-27.316579818725586
-27.1905574798584
-27.13287353515625
-27.145917892456055
-27.24310302734375
-27.26292610168457
-27.247194290161133
-27.320735931396484
-27.373123168945312
-27.36444091796875
-27.33959197998047
-27.451902389526367
-27.369125366210938
-27.03014373779297
-27.605531692504883
-27.604520797729492
-27.61638832092285
-27.62457847595215
-27.627262115478516
-27.6298828125
-27.630464553833008
-27.62628746032715
-27.625164031982422
-27.625343322753906
-27.626911163330078
-27.623722076416016
-27.629291534423828
-27.625009536743164
-27.628990173339844
-27.62948989868164
-27.62938690185547
-27.63100242614746
-27.619800567626953
-27.52400779724121
-27.55332374572754
-27.549169540405273
-27.532140731811523
-27.530092239379883
-27.53973960876465
-27.562490463256836
-27.55298614501953
-27.56906509399414
-27.577289581298828
-27.573854446411133
-27.584611892700195
-27.6063289642334
-27.601318359375
-27.5463809967041
-27.55872344970703
-27.576278686523438
-27.52676010131836
-27.5360050201416
-27.503093719482422
-27.519935607910156
-27.53055763244629
-27.55279541015625
-27.530689239501953
-27.466257095336914
-27.480955123901367
-27.48410987854004
-27.497716903686523
-27.545108795166016
-27.619096755981445
-27.631006240844727
-27.627307891845703
-27.625041961669922
-27.618362426757812
-27.61026954650879
-27.60228157043457
-27.61320686340332
-27.606781005859375
-27.063690185546875
-27.22710609436035
-27.216869354248047
-27.28849220275879
-27.388586044311523
-27.29595375061035
-27.397689819335938
-27.414588928222656
-27.48870277404785
-27.538103103637695
-27.603300094604492
-27.60514259338379
-27.601551055908203
-27.629695892333984
-27.630882263183594
-27.630884170532227
-27.61124038696289
-27.57084083557129
-27.552165985107422
-27.56367301940918
-27.487836837768555
-27.48699378967285
-27.43712043762207
-27.42319107055664
-27.429208755493164
-27.341365814208984
-27.386066436767578
-27.379894256591797
-27.414779663085938
-27.420717239379883
-27.38530921936035
-27.41161346435547
-27.30792808532715
-27.317785263061523
-27.348323822021484
-27.347951889038086
-27.31355094909668
-27.33816146850586
-27.404460906982422
-27.471935272216797
-27.49506187438965
-27.48301124572754
-27.516393661499023
-27.543302536010742
-27.561155319213867
-27.550363540649414
-27.53166389465332
-27.54815673828125
-27.55010414123535
-27.585037231445312
-27.59844970703125
-27.606740951538086
-27.602418899536133
-27.610862731933594
-27.6145076751709
-27.62129020690918
-27.627805709838867
-27.62806510925293
-27.60368537902832
-27.586999893188477
-27.573942184448242
-27.600255966186523
-27.603681564331055
-27.619037628173828
-27.620101928710938
-27.60857582092285
-27.617944717407227
-27.625951766967773
-27.62114906311035
-27.61468505859375
-27.6038761138916
-27.599557876586914
-27.593671798706055
-27.61597442626953
-27.5894718170166
-27.603546142578125
-27.591922760009766
-27.606109619140625
-27.182741165161133
-27.092479705810547
-27.0743465423584
-27.2457275390625
-27.387115478515625
-27.55015754699707
-27.584020614624023
-27.622318267822266
-27.630281448364258
-27.63100242614746
-27.627071380615234
-27.617122650146484
-27.610736846923828
-27.55759620666504
-27.583740234375
-27.58392333984375
-27.609106063842773
-27.61947250366211
-27.630348205566406
-27.630952835083008
-27.623735427856445
-27.587169647216797
-27.557785034179688
-27.56912612915039
-27.58957862854004
-27.60307502746582
-27.61473274230957
-27.617765426635742
-27.607276916503906
-27.613412857055664
-27.567718505859375
-27.59161949157715
-27.539749145507812
-27.539833068847656
-27.542041778564453
-27.551517486572266
-27.525537490844727
-27.519620895385742
-27.506181716918945
-27.53880500793457
-27.520631790161133
-27.52653694152832
-27.408973693847656
-27.43104362487793
-27.43732452392578
-27.47250747680664
-27.501895904541016
-27.522132873535156
-27.58905029296875
-27.503843307495117
-27.525484085083008
-27.531007766723633
-27.512643814086914
-27.630830764770508
-27.630578994750977
-27.630502700805664
-27.630170822143555
-27.627901077270508
-27.63100814819336
-27.62599754333496
-27.60966682434082
-27.593366622924805
-27.560928344726562
-27.562685012817383
-27.51637077331543
-27.46165657043457
-27.399677276611328
-27.44091033935547
-27.462854385375977
-27.468963623046875
-27.470123291015625
-27.479990005493164
-27.471168518066406
-27.370704650878906
-27.370447158813477
-27.35421371459961
-27.349536895751953
-27.292125701904297
-27.27747344970703
-27.28557586669922
-27.27800178527832
-27.262582778930664
-27.285982131958008
-27.250354766845703
-27.267494201660156
-27.253801345825195
-27.29453468322754
-27.260520935058594
-27.273712158203125
-27.311662673950195
-27.317636489868164
-27.331035614013672
-27.371122360229492
-27.570873260498047
-27.45261001586914
-27.435897827148438
-27.479509353637695
-27.47884750366211
-27.5554141998291
-27.577251434326172
-27.572219848632812
-27.59918212890625
-27.618345260620117
-27.62443733215332
-27.61224937438965
-27.62651252746582
-27.625526428222656
-27.622188568115234
-27.62449836730957
-27.62987518310547
-27.6192626953125
-27.624544143676758
-27.630531311035156
-27.628847122192383
-27.62716293334961
-27.618000030517578
-27.620834350585938
-27.62734031677246
-27.62712287902832
-27.629175186157227
-27.62281036376953
-27.630979537963867
-27.631006240844727
-27.630990982055664
-27.630666732788086
-27.624074935913086
-27.62856674194336
-27.61876106262207
-27.590574264526367
-27.566452026367188
-27.522899627685547
-27.53677749633789
-27.572542190551758
-27.593103408813477
-27.594980239868164
-27.60871124267578
-27.616464614868164
-27.574039459228516
-27.57647705078125
-27.581439971923828
-27.57839012145996
-27.546276092529297
-27.563066482543945
-27.493432998657227
-27.520233154296875
-27.52471160888672
-27.586393356323242
-27.626842498779297
-27.62338638305664
-27.576440811157227
-27.59402084350586
-27.57767105102539
-27.62006950378418
-27.629850387573242
-27.629241943359375
-27.612274169921875
-27.597145080566406
-27.605667114257812
-27.613842010498047
-27.623035430908203
-27.626249313354492
-27.619277954101562
-27.623872756958008
-27.61393165588379
-27.597990036010742
-27.607566833496094
-27.630184173583984
-27.63043212890625
-27.62549591064453
-27.50206756591797
-27.51900291442871
-27.532289505004883
-27.533946990966797
-27.57093048095703
-27.62340545654297
-27.62268829345703
-27.630290985107422
-27.629199981689453
-27.624608993530273
-27.37363624572754
-27.442249298095703
-27.36854362487793
-27.328683853149414
-27.418100357055664
-27.37628746032715
-27.406845092773438
-27.53325080871582
-27.585891723632812
-27.606348037719727
-27.625301361083984
-27.6296443939209
-27.630220413208008
-27.628360748291016
-27.628995895385742
-27.629911422729492
-27.627384185791016
-27.6267032623291
-27.62935447692871
-27.630878448486328
-27.476125717163086
-27.478538513183594
-27.407873153686523
-27.371644973754883
-27.387845993041992
-27.32124900817871
-27.320459365844727
-27.420059204101562
-27.455148696899414
-27.456829071044922
-27.449331283569336
-27.44586944580078
-27.457477569580078
-27.47408676147461
-27.45144271850586
-27.46649169921875
-27.495384216308594
-27.514015197753906
-27.518423080444336
-27.527318954467773
-27.561613082885742
-27.57555389404297
-27.591697692871094
-27.603078842163086
-27.605764389038086
-27.61292839050293
-27.615074157714844
-27.49203109741211
-27.46830940246582
-27.57862091064453
-27.586353302001953
-27.581071853637695
-27.584184646606445
-27.589473724365234
-27.629056930541992
-27.624710083007812
-27.56272315979004
-27.58919334411621
-27.59010887145996
-27.603862762451172
-27.62755012512207
-27.62990951538086
-27.610130310058594
-27.603281021118164
-27.580795288085938
-27.588167190551758
-27.591339111328125
-27.595542907714844
-27.598987579345703
-27.620502471923828
-27.62771224975586
-27.630382537841797
-27.622461318969727
-27.61903953552246
-27.619232177734375
-27.611356735229492
-27.62434196472168
-27.614891052246094
-27.61907958984375
-27.619163513183594
-27.604982376098633
-27.60262107849121
-27.608787536621094
-27.602069854736328
-27.622142791748047
-27.63079261779785
-27.628009796142578
-27.605762481689453
-27.613672256469727
-27.612579345703125
-27.618301391601562
-27.592235565185547
-27.587966918945312
-27.59345817565918
-27.59500503540039
-27.58637046813965
-27.604135513305664
-27.342086791992188
-27.35356330871582
-27.24205780029297
-27.255630493164062
-27.27669906616211
-27.299367904663086
-27.337072372436523
-27.33050537109375
-27.439453125
-27.52591323852539
-27.595762252807617
-27.58860969543457
-27.571514129638672
-27.561321258544922
-27.59034538269043
-27.60810661315918
-27.617769241333008
-27.630596160888672
-27.63031768798828
-27.62883758544922
-27.62984275817871
-27.630775451660156
-27.601604461669922
-27.61090660095215
-27.6153564453125
-27.612873077392578
-27.6164493560791
-27.55192756652832
-27.557905197143555
-27.561119079589844
-27.536823272705078
-27.517770767211914
-27.507352828979492
-27.51161003112793
-27.444156646728516
-27.44160270690918
-27.412595748901367
-27.36282730102539
-27.36933708190918
-27.41469383239746
-27.38886260986328
-27.413148880004883
-27.43160057067871
-27.41474151611328
-27.47977638244629
-27.559818267822266
-27.549890518188477
-27.559551239013672
-27.623947143554688
-27.619117736816406
-27.630083084106445
-27.63096046447754
-27.626501083374023
-27.63100814819336
-27.629247665405273
-27.63086700439453
-27.63100814819336
-27.630823135375977
-27.630229949951172
-27.629688262939453
-27.619606018066406
-27.621152877807617
-27.60117530822754
-27.59071922302246
-27.52335548400879
-27.419803619384766
-27.40789794921875
-27.325815200805664
-27.308443069458008
-27.331281661987305
-27.264209747314453
-27.22970962524414
-27.198591232299805
-27.287982940673828
-27.318300247192383
-27.362533569335938
-27.38315200805664
-27.350540161132812
-27.423585891723633
-27.52178192138672
-27.509450912475586
-27.538177490234375
-27.548538208007812
-27.554912567138672
-27.609346389770508
-27.6125431060791
-27.554758071899414
-27.572845458984375
-27.464513778686523
-27.474407196044922
-27.520572662353516
-27.499013900756836
-27.476930618286133
-27.526037216186523
-27.515775680541992
-27.52082061767578
-27.56688690185547
-27.545318603515625
-27.582805633544922
-27.53577995300293
-27.525959014892578
-27.5515079498291
-27.555034637451172
-27.508201599121094
-27.444629669189453
-27.314308166503906
-27.536630630493164
-27.539974212646484
-27.613588333129883
-27.601747512817383
-27.60923194885254
-27.613584518432617
-27.620161056518555
-27.613279342651367
-27.63052749633789
-27.623498916625977
-27.624004364013672
-27.49970245361328
-27.5267333984375
-27.56043815612793
-27.569671630859375
-27.607057571411133
-27.607097625732422
-27.621356964111328
-27.613014221191406
-27.602380752563477
-27.613183975219727
-27.614574432373047
-27.62235450744629
-27.625091552734375
-27.618417739868164
-27.610153198242188
-27.606861114501953
-27.613954544067383
-27.620094299316406
-27.62523651123047
-27.628402709960938
-27.62749481201172
-27.630788803100586
-27.63100814819336
-27.6295223236084
-27.63088035583496
-27.629051208496094
-27.622644424438477
-27.623062133789062
-27.62141227722168
-27.62059783935547
-27.624074935913086
-27.59092903137207
-27.57326889038086
-27.573938369750977
-27.61838150024414
-27.622127532958984
-27.602306365966797
-27.622224807739258
-27.622758865356445
-27.618824005126953
-27.619823455810547
-27.602439880371094
-27.530162811279297
-27.55129623413086
-27.547866821289062
-27.489538192749023
-27.488571166992188
-27.491941452026367
-27.455881118774414
-27.456762313842773
-27.461444854736328
-27.46985626220703
-27.500368118286133
-27.504568099975586
-27.480350494384766
-27.504905700683594
-27.55951499938965
-27.510032653808594
-27.470836639404297
-27.493589401245117
-27.499225616455078
-27.539348602294922
-27.614200592041016
-27.607881546020508
-27.61981964111328
-27.616535186767578
-27.58663558959961
-27.57891845703125
-27.584714889526367
-27.58095359802246
-27.56498908996582
-27.610271453857422
-27.62098503112793
-27.61855697631836
-27.62757682800293
-27.62074851989746
-27.60821533203125
-27.608190536499023
-27.61983299255371
-27.605432510375977
-27.626174926757812
-27.62417221069336
-27.628278732299805
-27.63060188293457
-27.626726150512695
-27.621627807617188
-27.626205444335938
-27.626266479492188
-27.61053466796875
-27.616174697875977
-27.61176300048828
-27.53593635559082
-27.54018783569336
-27.540096282958984
-27.564462661743164
-27.52252960205078
-27.54106330871582
-27.40729522705078
-27.490840911865234
-27.544143676757812
-27.54949188232422
-27.542695999145508
-27.552934646606445
-27.584753036499023
-27.576831817626953
-27.584636688232422
-27.58966827392578
-27.518266677856445
-27.558879852294922
-27.548934936523438
-27.547157287597656
-27.541719436645508
-27.54475212097168
-27.534442901611328
-27.504043579101562
-27.500770568847656
-27.512065887451172
-27.49888038635254
-27.445621490478516
-27.374479293823242
-27.372114181518555
-27.418920516967773
-27.467208862304688
-27.485610961914062
-27.51266098022461
-27.544801712036133
-27.544937133789062
-27.556283950805664
-27.507963180541992
-27.531002044677734
-27.550745010375977
-27.60640525817871
-27.601274490356445
-27.613061904907227
-27.62490463256836
-27.629194259643555
-27.614355087280273
-27.616207122802734
-27.609119415283203
-27.612951278686523
-27.60923194885254
-27.630788803100586
-27.6293888092041
-27.631004333496094
-27.6293888092041
-27.55600357055664
-27.37261962890625
-27.100271224975586
-27.154224395751953
-27.117778778076172
-27.23960304260254
-27.294160842895508
-27.311241149902344
-27.403501510620117
-27.462390899658203
-27.552034378051758
-27.59381675720215
-27.580364227294922
-27.616262435913086
-27.627235412597656
-27.630889892578125
-27.629690170288086
-27.628868103027344
-27.613115310668945
-27.561588287353516
-27.57290267944336
-27.585922241210938
-27.5617733001709
-27.56792449951172
-27.48835563659668
-27.482633590698242
-27.551164627075195
-27.567089080810547
-27.577646255493164
-27.534151077270508
-27.53755760192871
-27.54508399963379
-27.55282974243164
-27.551345825195312
-27.540592193603516
-27.57868003845215
-27.5975284576416
-27.614755630493164
-27.630802154541016
-27.602447509765625
-27.5474853515625
-27.49751091003418
-27.36778450012207
-27.20774269104004
-26.905834197998047
-26.600261688232422
-26.717844009399414
-26.777687072753906
-26.977025985717773
-27.095754623413086
-27.181821823120117
-27.130117416381836
-26.37567710876465
-24.317590713500977
-23.814117431640625
-23.372568130493164
-23.18801498413086
-23.600069046020508
-21.837068557739258
-22.934213638305664
-23.368518829345703
-24.191516876220703
-24.801809310913086
-25.2012939453125
-25.711814880371094
-26.136226654052734
-26.307933807373047
-26.663318634033203
-26.98978614807129
-27.10698699951172
-27.012964248657227
-27.200057983398438
-26.98682403564453
-26.901500701904297
-27.020462036132812
-27.17169189453125
-27.323118209838867
-27.319578170776367
-27.56572723388672
-27.560483932495117
-27.531587600708008
-27.454620361328125
-27.34127426147461
-27.391183853149414
-27.292098999023438
-27.1864013671875
-27.148693084716797
-26.874040603637695
-26.767608642578125
-26.578857421875
-27.6061954498291
-27.61726951599121
-27.63057518005371
-27.626394271850586
-27.627466201782227
-27.629249572753906
-27.623085021972656
-27.434537887573242
-26.80213737487793
-26.774797439575195
-26.43267250061035
-26.648759841918945
-26.350387573242188
-25.94896697998047
-26.364002227783203
-26.475202560424805
-26.670116424560547
-27.044708251953125
-27.214815139770508
-27.362567901611328
-27.5242919921875
-27.598241806030273
-27.63058090209961
-27.603622436523438
-27.58519172668457
-27.53809928894043
-27.45606803894043
-27.479312896728516
-27.49793243408203
-27.528369903564453
-27.5220890045166
-27.547443389892578
-27.552698135375977
-27.53108024597168
-27.513944625854492
-27.516647338867188
-27.476938247680664
-27.479888916015625
-27.45441436767578
-27.481096267700195
-27.543771743774414
-27.54836082458496
-27.55352020263672
-27.54639434814453
-27.550559997558594
-27.553688049316406
-27.580705642700195
-27.547632217407227
-27.557044982910156
-27.524795532226562
-27.566280364990234
-27.608205795288086
-27.600618362426758
-27.599010467529297
-27.603824615478516
-27.61785888671875
-27.630050659179688
-27.63086700439453
-27.627941131591797
-27.630950927734375
-27.630905151367188
-27.630346298217773
-27.629558563232422
-27.629629135131836
-27.62090301513672
-27.62186622619629
-27.61956024169922
-27.60317611694336
-27.582775115966797
-27.575685501098633
-27.599817276000977
-27.625362396240234
-27.609386444091797
-27.61016273498535
-27.602081298828125
-27.56564712524414
-27.60196876525879
-27.625179290771484
-27.629695892333984
-27.628604888916016
-27.618518829345703
-27.613248825073242
-27.61659049987793
-27.593095779418945
-27.606287002563477
-27.520706176757812
-27.484731674194336
-27.35881996154785
-27.450294494628906
-27.47734260559082
-27.494827270507812
-27.55030632019043
-27.483030319213867
-27.450651168823242
-27.538740158081055
-27.60112190246582
-27.62497329711914
-27.630693435668945
-27.628408432006836
-27.61988639831543
-27.616357803344727
-27.578472137451172
-27.568443298339844
-27.566919326782227
-27.584026336669922
-27.58355712890625
-27.589981079101562
-27.56128692626953
-27.593950271606445
-27.606245040893555
-27.616348266601562
-27.623674392700195
-27.587783813476562
-27.48090934753418
-27.519073486328125
-27.552480697631836
-27.552898406982422
-27.554462432861328
-27.521913528442383
-27.533788681030273
-27.433713912963867
-27.46978187561035
-27.442821502685547
-27.437559127807617
-27.4383487701416
-27.454607009887695
-27.535991668701172
-27.525175094604492
-27.537857055664062
-27.517587661743164
-27.5025634765625
-27.496213912963867
-27.489431381225586
-27.532848358154297
-27.47875213623047
-27.456270217895508
-27.46995735168457
-27.487659454345703
-27.4965877532959
-27.492259979248047
-27.550270080566406
-27.50975799560547
-27.537691116333008
-27.537919998168945
-27.604816436767578
-27.59785270690918
-27.61182403564453
-27.593482971191406
-27.584793090820312
-27.60877799987793
-27.612871170043945
-27.607507705688477
-27.62363052368164
-27.6270809173584
-27.624420166015625
-27.626863479614258
-27.625205993652344
-27.625715255737305
-27.62520408630371
-27.619436264038086
-27.618791580200195
-27.629409790039062
-27.63093376159668
-27.630783081054688
-27.624048233032227
-27.623525619506836
-27.62740135192871
-27.61824607849121
-27.61656379699707
-27.630352020263672
-27.63014793395996
-27.619651794433594
-27.583314895629883
-27.555282592773438
-27.553970336914062
-27.515737533569336
-27.490798950195312
-27.41803550720215
-27.44005584716797
-27.459306716918945
-27.452594757080078
-27.356746673583984
-27.378530502319336
-27.36785888671875
-27.372615814208984
-27.391700744628906
-27.475542068481445
-27.47536849975586
-27.48893165588379
-27.50760269165039
-27.469236373901367
-27.464317321777344
-27.485254287719727
-27.470869064331055
-27.485641479492188
-27.506790161132812
-27.50285530090332
-27.49488639831543
-27.510231018066406
-27.544898986816406
-27.534832000732422
-27.499753952026367
-27.475305557250977
-27.480937957763672
-27.458457946777344
-27.466339111328125
-27.447830200195312
-27.433927536010742
-27.50214958190918
-27.499372482299805
-27.52815818786621
-27.542911529541016
-27.52505111694336
-27.52101707458496
-27.494993209838867
-27.50156021118164
-27.485702514648438
-27.48118019104004
-27.453428268432617
-27.388595581054688
-27.430456161499023
-27.452632904052734
-27.44965171813965
-27.477773666381836
-27.503578186035156
-27.50844383239746
-27.516504287719727
-27.522371292114258
-27.411970138549805
-27.341968536376953
-27.330997467041016
-27.34435272216797
-27.35067367553711
-27.47334098815918
-27.45238494873047
-27.488569259643555
-27.46485710144043
-27.474288940429688
-27.445287704467773
-27.57874298095703
-27.540149688720703
-27.57638931274414
-27.581647872924805
-27.572092056274414
-27.58859634399414
-27.590940475463867
-27.622509002685547
-27.626558303833008
-27.617801666259766
-27.54229164123535
-27.482046127319336
-27.3768310546875
-27.379446029663086
-27.34260368347168
-27.41902732849121
-27.37030601501465
-27.33795166015625
-27.21713638305664
-27.161083221435547
-27.20185089111328
-27.075424194335938
-27.020984649658203
-26.82979965209961
-26.885482788085938
-26.887414932250977
-26.65470314025879
-26.81818962097168
-26.783796310424805
-27.017175674438477
-27.542516708374023
-27.06133270263672
-26.744247436523438
-26.958425521850586
-27.02993392944336
-27.044187545776367
-27.0633487701416
-27.260818481445312
-27.387868881225586
-27.42183494567871
-27.529359817504883
-27.591421127319336
-27.628253936767578
-27.623205184936523
-27.616567611694336
-27.607879638671875
-27.521442413330078
-27.48898696899414
-27.51871681213379
-27.532611846923828
-27.494421005249023
-27.478702545166016
-27.44565773010254
-27.48552894592285
-27.52177619934082
-27.509843826293945
-27.45136260986328
-27.47905158996582
-27.51132583618164
-27.546680450439453
-27.527965545654297
-27.55360221862793
-27.57249641418457
-27.588565826416016
-27.591264724731445
-27.580116271972656
-27.47667694091797
-27.50004768371582
-27.551008224487305
-27.570209503173828
-27.551542282104492
-27.589252471923828
-27.577112197875977
-27.607662200927734
-27.618797302246094
-27.622018814086914
-27.62212371826172
-27.622419357299805
-27.623491287231445
-27.62063980102539
-27.62799644470215
-27.629470825195312
-27.625797271728516
-27.62936019897461
-27.630802154541016
-27.631004333496094
-27.629701614379883
-27.629581451416016
-27.62179183959961
-27.626848220825195
-27.6245174407959
-27.627241134643555
-27.607967376708984
-27.5462646484375
-27.460453033447266
-27.391447067260742
-27.339704513549805
-27.307430267333984
-27.322019577026367
-27.345426559448242
-27.354455947875977
-27.318397521972656
-27.343408584594727
-27.361967086791992
-27.369985580444336
-27.384777069091797
-27.390310287475586
-27.269420623779297
-27.389883041381836
-27.473628997802734
-27.449737548828125
-27.43345832824707
-27.405954360961914
-27.433427810668945
-27.453224182128906
-27.523662567138672
-27.510135650634766
-27.531213760375977
-27.53592300415039
-27.540620803833008
-27.548095703125
-27.564340591430664
-27.55933952331543
-27.609424591064453
-27.614194869995117
-27.615272521972656
-27.62193489074707
-27.553295135498047
-27.61387825012207
-27.620954513549805
-27.627674102783203
-27.596052169799805
-27.616125106811523
-27.61295509338379
-27.60671043395996
-27.611312866210938
-27.613990783691406
-27.624469757080078
-27.63092803955078
-27.63092803955078
-27.492630004882812
-27.548860549926758
-27.545764923095703
-27.6218204498291
-27.630613327026367
-27.630613327026367
-27.6302433013916
-27.630786895751953
-27.630992889404297
-27.630992889404297
-27.631000518798828
-27.63097381591797
-27.626081466674805
-27.63048553466797
-27.630998611450195
-27.619043350219727
-27.590307235717773
-27.56880760192871
-27.550161361694336
-27.47734260559082
-27.625839233398438
-27.62663459777832
-27.615400314331055
-27.62278938293457
-27.623008728027344
-27.626985549926758
-27.521142959594727
-27.520875930786133
-27.501527786254883
-27.502418518066406
-27.508899688720703
-27.458932876586914
-27.440858840942383
-27.444185256958008
-27.436729431152344
-27.383743286132812
-27.39012908935547
-27.368619918823242
-27.446292877197266
-27.42708969116211
-27.425260543823242
-27.482702255249023
-27.49932861328125
-27.527969360351562
-27.540966033935547
-27.514511108398438
-27.50521469116211
-27.504343032836914
-27.457260131835938
-27.45833969116211
-27.45368766784668
-27.468189239501953
-27.498933792114258
-27.488574981689453
-27.501445770263672
-27.40711784362793
-27.398454666137695
-27.413679122924805
-27.307701110839844
-27.331445693969727
-27.31263542175293
-27.291303634643555
-27.33939552307129
-27.330904006958008
-27.3436279296875
-27.370325088500977
-27.396873474121094
-27.57232093811035
-27.58183479309082
-27.590404510498047
-27.58485984802246
-27.59568977355957
-27.617584228515625
-27.63089942932129
-27.62550926208496
-27.626440048217773
-27.604827880859375
-27.603130340576172
-27.561216354370117
-27.54654884338379
-27.56287384033203
-27.522485733032227
-27.496156692504883
-27.50604820251465
-27.502206802368164
-27.483394622802734
-27.498811721801758
-27.536508560180664
-27.544809341430664
-27.545175552368164
-27.59358024597168
-27.60869598388672
-27.614173889160156
-27.607707977294922
-27.626819610595703
-27.627269744873047
-27.62856101989746
-27.629789352416992
-27.62997055053711
-27.62874984741211
-27.626127243041992
-27.630386352539062
-27.63067626953125
-27.626239776611328
-27.630138397216797
-27.62907600402832
-27.6225643157959
-27.625465393066406
-27.627670288085938
-27.629825592041016
-27.61978530883789
-27.60105323791504
-27.590639114379883
-27.6021671295166
-27.61037826538086
-27.62472152709961
-27.60896110534668
-27.630891799926758
-27.50861167907715
-27.492382049560547
-27.62906837463379
-27.63060760498047
-27.6218318939209
-27.62773323059082
-27.624704360961914
-27.627614974975586
-27.612873077392578
-27.62149429321289
-27.52663230895996
-27.57935905456543
-27.62020492553711
-27.631004333496094
-27.62996482849121
-27.63081932067871
-27.626989364624023
-27.630878448486328
-27.61577796936035
-27.611536026000977
-27.587453842163086
-27.56618309020996
-27.573156356811523
-27.574081420898438
-27.58568000793457
-27.55796241760254
-27.533586502075195
-27.556669235229492
-27.561491012573242
-27.580345153808594
-27.542736053466797
-27.559934616088867
-27.573881149291992
-27.58607292175293
-27.505516052246094
-27.497377395629883
-27.468643188476562
-27.453508377075195
-27.483158111572266
-27.51900291442871
-27.495792388916016
-27.496795654296875
-27.46830177307129
-27.447750091552734
-27.428909301757812
-27.415800094604492
-27.416851043701172
-27.61050033569336
-27.622983932495117
-27.58460235595703
-27.599397659301758
-27.615882873535156
-27.584781646728516
-27.619951248168945
-27.605575561523438
-27.610401153564453
-27.624542236328125
-27.622411727905273
-27.630828857421875
-27.623498916625977
-27.62615394592285
-27.627498626708984
-27.625104904174805
-27.629745483398438
-27.630050659179688
-27.626251220703125
-27.60666847229004
-27.5849666595459
-27.597414016723633
-27.595813751220703
-27.599071502685547
-27.59841537475586
-27.625919342041016
-27.605371475219727
-27.576356887817383
-27.61758041381836
-27.599599838256836
-27.623600006103516
-27.628618240356445
-27.629247665405273
-27.62952423095703
-27.628910064697266
-27.626304626464844
-27.620037078857422
-27.62093162536621
-27.61898422241211
-27.614606857299805
-27.60856819152832
-27.599103927612305
-27.572202682495117
-27.538515090942383
-27.557600021362305
-27.61748695373535
-27.615209579467773
-27.59907341003418
-27.630451202392578
-27.626235961914062
-27.629070281982422
-27.628976821899414
-27.622835159301758
-27.621606826782227
-27.618104934692383
-27.624067306518555
-27.62728500366211
-27.62552833557129
-27.630287170410156
-27.631006240844727
-27.63090705871582
-27.63100814819336
-27.62179946899414
-27.625198364257812
-27.626863479614258
-27.543472290039062
-27.57626724243164
-27.588743209838867
-27.629728317260742
-27.631000518798828
-27.63074493408203
-27.630996704101562
-27.63051414489746
-27.616254806518555
-27.620758056640625
-27.6287784576416
-27.629709243774414
-27.617589950561523
-27.61215591430664
-27.618619918823242
-27.609004974365234
-27.599153518676758
-27.591487884521484
-27.54604148864746
-27.56240463256836
-27.6304874420166
-27.627090454101562
-27.627517700195312
-27.61568832397461
-27.621553421020508
-27.60605812072754
-27.59429931640625
-27.613386154174805
-27.627605438232422
-27.62061309814453
-27.616531372070312
-27.615549087524414
-27.60963249206543
-27.62408447265625
-27.62856101989746
-27.621248245239258
-27.618927001953125
-27.628076553344727
-27.630952835083008
-27.631006240844727
-27.61606216430664
-27.611021041870117
-27.615245819091797
-27.623762130737305
-27.6209716796875
-27.624706268310547
-27.624515533447266
-27.620542526245117
-27.62425994873047
-27.60257911682129
-27.61666488647461
-27.570602416992188
-27.55026626586914
-27.57190704345703
-27.58049964904785
-27.532974243164062
-27.463558197021484
-27.46766471862793
-27.50315284729004
-27.489383697509766
-27.49260902404785
-27.508275985717773
-27.47222328186035
-27.483047485351562
-27.459407806396484
-27.449527740478516
-27.34267807006836
-27.333534240722656
-27.325117111206055
-27.331727981567383
-27.3685359954834
-27.410879135131836
-27.434738159179688
-27.45315170288086
-27.46535301208496
-27.441160202026367
-27.561235427856445
-27.51508331298828
-27.55251693725586
-27.54030990600586
-27.568614959716797
-27.588830947875977
-27.5633602142334
-27.579790115356445
-27.583049774169922
-27.578603744506836
-27.584430694580078
-27.566429138183594
-27.561872482299805
-27.53076934814453
-27.53456687927246
-27.552762985229492
-27.586427688598633
-27.543752670288086
-27.536603927612305
-27.548959732055664
-27.597620010375977
-27.590051651000977
-27.604936599731445
-27.61979866027832
-27.608083724975586
-27.613798141479492
-27.62554359436035
-27.629945755004883
-27.615171432495117
-27.6309871673584
-27.62661361694336
-27.62932014465332
-27.630563735961914
-27.629337310791016
-27.622970581054688
-27.613277435302734
-27.61068344116211
-27.60420799255371
-27.595436096191406
-27.57735252380371
-27.581331253051758
-27.55446434020996
-27.539825439453125
-27.578109741210938
-27.59458351135254
-27.574573516845703
-27.617549896240234
-27.608739852905273
-27.609600067138672
-27.598957061767578
-27.602802276611328
-27.61260223388672
-27.62493133544922
-27.628677368164062
-27.628448486328125
-27.585702896118164
-27.567626953125
-27.557825088500977
-27.516971588134766
-27.553861618041992
-27.590572357177734
-27.60279655456543
-27.599594116210938
-27.587383270263672
-27.60120391845703
-27.58650779724121
-27.59218406677246
-27.59192657470703
-27.604732513427734
-27.601318359375
-27.61326789855957
-27.611988067626953
-27.576427459716797
-27.521352767944336
-27.53351593017578
-27.535396575927734
-27.529619216918945
-27.52715301513672
-27.56439208984375
-27.547256469726562
-27.502365112304688
-27.50305938720703
-27.506261825561523
-27.50766944885254
-27.489431381225586
-27.503854751586914
-27.47506332397461
-27.49839210510254
-27.452220916748047
-27.461946487426758
-27.478952407836914
-27.509889602661133
-27.51734733581543
-27.517925262451172
-27.54016876220703
-27.575315475463867
-27.591796875
-27.583131790161133
-27.49724006652832
-27.55093002319336
-27.53907585144043
-27.566967010498047
-27.58251190185547
-27.57185173034668
-27.56204605102539
-27.560272216796875
-27.571426391601562
-27.571826934814453
-27.568946838378906
-27.588069915771484
-27.580774307250977
-27.574922561645508
-27.5769100189209
-27.59811782836914
-27.581235885620117
-27.54825782775879
-27.55977439880371
-27.564895629882812
-27.599884033203125
-27.48909568786621
-27.57833480834961
-27.579605102539062
-27.588560104370117
-27.563356399536133
-27.480073928833008
-27.252887725830078
-27.063337326049805
-27.122119903564453
-27.204683303833008
-27.374540328979492
-27.502243041992188
-27.54031753540039
-27.59139633178711
-27.609651565551758
-27.62963104248047
-27.630674362182617
-27.627182006835938
-27.617406845092773
-27.619050979614258
-27.602516174316406
-27.598411560058594
-27.59224510192871
-27.596511840820312
-27.583410263061523
-27.607505798339844
-27.590219497680664
-27.50349998474121
-27.50136375427246
-27.514020919799805
-27.534727096557617
-27.53883934020996
-27.562381744384766
-27.576431274414062
-27.593141555786133
-27.595815658569336
-27.610816955566406
-27.582414627075195
-27.44992446899414
-27.449037551879883
-27.509336471557617
-27.54515838623047
-27.547504425048828
-27.548307418823242
-27.576520919799805
-27.59103775024414
-27.59349250793457
-27.600290298461914
-27.610958099365234
-27.623804092407227
-27.55436134338379
-27.611347198486328
-27.59168243408203
-27.494651794433594
-27.49339485168457
-27.460350036621094
-27.53618621826172
-27.554746627807617
-27.54327964782715
-27.55702018737793
-27.580707550048828
-27.604106903076172
-27.519775390625
-27.582653045654297
-27.609088897705078
-27.6159725189209
-27.621126174926758
-27.62782859802246
-27.630935668945312
-27.625534057617188
-27.630414962768555
-27.61968231201172
-27.623451232910156
-27.626930236816406
-27.630428314208984
-27.6199951171875
-27.591386795043945
-27.58759307861328
-27.581119537353516
-27.571521759033203
-27.553081512451172
-27.5251407623291
-27.63100242614746
-27.628931045532227
-27.62975311279297
-27.630998611450195
-27.62703514099121
-27.61712074279785
-27.615442276000977
-27.623554229736328
-27.629180908203125
-27.6048526763916
-27.61025619506836
-27.59314727783203
-27.581085205078125
-27.544572830200195
-27.486948013305664
-27.498083114624023
-27.48879051208496
-27.473020553588867
-27.462757110595703
-27.60223388671875
-27.545900344848633
-27.54171371459961
-27.542776107788086
-27.551950454711914
-27.54853630065918
-27.611743927001953
-27.61273956298828
-27.62079620361328
-27.62489891052246
-27.610015869140625
-27.616718292236328
-27.60135841369629
-27.62007713317871
-27.625972747802734
-27.63086700439453
-27.62189483642578
-27.60203742980957
-27.59697914123535
-27.572843551635742
-27.561120986938477
-27.53857421875
-27.522912979125977
-27.45252799987793
-27.399093627929688
-27.344772338867188
-27.340085983276367
-27.35963249206543
-27.375141143798828
-27.378520965576172
-27.344043731689453
-27.38555145263672
-27.34494972229004
-27.380773544311523
-27.311378479003906
-27.341630935668945
-27.30706214904785
-27.310230255126953
-27.313264846801758
-27.328140258789062
-27.309946060180664
-27.32094955444336
-27.330747604370117
-27.360998153686523
-27.347347259521484
-27.354854583740234
-27.354598999023438
-27.361560821533203
-27.332618713378906
-27.331830978393555
-27.32918357849121
-27.3147029876709
-27.35405921936035
-27.374345779418945
-27.51776885986328
-27.53736114501953
-27.56163787841797
-27.55117416381836
-27.513763427734375
-27.50179672241211
-27.473596572875977
-27.454368591308594
-27.436660766601562
-27.445722579956055
-27.44791603088379
-27.436342239379883
-27.394676208496094
-27.370010375976562
-27.343080520629883
-27.350099563598633
-27.311161041259766
-27.306692123413086
-27.343692779541016
-27.367856979370117
-27.305368423461914
-27.293865203857422
-27.25286865234375
-27.289459228515625
-27.28999900817871
-27.286645889282227
-27.319595336914062
-27.37984275817871
-27.33900260925293
-27.38239097595215
-27.335372924804688
-27.54486656188965
-27.59899139404297
-27.630624771118164
-27.630197525024414
-27.630718231201172
-27.630590438842773
-27.62969970703125
-27.624755859375
-27.630874633789062
-27.630971908569336
-27.628664016723633
-27.627744674682617
-27.618379592895508
-27.623462677001953
-27.62386703491211
-27.61815643310547
-27.61917495727539
-27.62209701538086
-27.628116607666016
-27.61669158935547
-27.620656967163086
-27.62647247314453
-27.622177124023438
-27.607501983642578
-27.608217239379883
-27.61001205444336
-27.62537956237793
-27.62293243408203
-27.58734130859375
-27.597864151000977
-27.61656379699707
-27.630924224853516
-27.60572052001953
-27.58762550354004
-27.608144760131836
-27.562833786010742
-27.538616180419922
-27.51042938232422
-27.479721069335938
-27.42630958557129
-27.361801147460938
-27.2299861907959
-27.17671012878418
-27.126209259033203
-27.08080291748047
-27.06340217590332
-27.564207077026367
-27.610855102539062
-27.61720085144043
-27.617687225341797
-27.614412307739258
-27.623764038085938
-27.62285804748535
-27.629545211791992
-27.630395889282227
-27.619400024414062
-27.589792251586914
-27.606618881225586
-27.610374450683594
-27.623640060424805
-27.626060485839844
-27.59065055847168
-27.563541412353516
-27.54441261291504
-27.57146644592285
-27.544097900390625
-27.48446273803711
-27.459463119506836
-27.44524383544922
-27.47560691833496
-27.524715423583984
-27.55127716064453
-27.553417205810547
-27.53020668029785
-27.528696060180664
-27.54670524597168
-27.548099517822266
-27.579051971435547
-27.591867446899414
-27.568422317504883
-27.517980575561523
-27.507654190063477
-27.512493133544922
-27.52782440185547
-27.513343811035156
-27.55501365661621
-27.586776733398438
-27.593032836914062
-27.577848434448242
-27.594240188598633
-27.609209060668945
-27.597997665405273
-27.626340866088867
-27.627857208251953
-27.62782096862793
-27.605682373046875
-27.630931854248047
-27.27968978881836
-27.261531829833984
-27.15437889099121
-27.17096710205078
-27.32826042175293
-27.371530532836914
-27.435623168945312
-27.359010696411133
-27.48436164855957
-27.507652282714844
-27.35470199584961
-27.309133529663086
-27.36884307861328
-27.219499588012695
-27.23415756225586
-27.400209426879883
-27.4974422454834
-27.484882354736328
-27.53060531616211
-27.505258560180664
-27.545448303222656
-27.510255813598633
-27.552968978881836
-27.561134338378906
-27.569595336914062
-27.590253829956055
-27.61655044555664
-27.61289405822754
-27.62692642211914
-27.62201499938965
-27.62883186340332
-27.63100814819336
-27.628995895385742
-27.62027359008789
-27.58768653869629
-27.568500518798828
-27.605758666992188
-27.57836151123047
-27.590747833251953
-27.58370018005371
-27.583723068237305
-27.57339859008789
-27.538105010986328
-27.526992797851562
-27.530611038208008
-27.548105239868164
-27.562705993652344
-27.605504989624023
-27.595258712768555
-27.61686897277832
-27.618324279785156
-27.619619369506836
-27.62080192565918
-27.607845306396484
-27.630929946899414
-27.6309871673584
-27.628129959106445
-27.630992889404297
-27.630979537963867
-27.625930786132812
-27.60491943359375
-27.595317840576172
-27.59222984313965
-27.583892822265625
-27.58440399169922
-27.577775955200195
-27.618133544921875
-27.63077163696289
-27.63100814819336
-27.630971908569336
-27.63089370727539
-27.63054656982422
-27.630996704101562
-27.630395889282227
-27.57680892944336
-27.560516357421875
-27.581953048706055
-27.56017303466797
-27.50388526916504
-27.471256256103516
-27.408916473388672
-27.456459045410156
-27.4909610748291
-27.481735229492188
-27.616561889648438
-27.624013900756836
-27.6149845123291
-27.55808448791504
-27.52719497680664
-27.506206512451172
-27.51881980895996
-27.567214965820312
-27.606977462768555
-27.620140075683594
-27.62908363342285
-27.627910614013672
-27.628202438354492
-27.620012283325195
-27.60136604309082
-27.578256607055664
-27.595539093017578
-27.59497833251953
-27.590967178344727
-27.602907180786133
-27.618377685546875
-27.62287712097168
-27.628042221069336
-27.622404098510742
-27.608318328857422
-27.606616973876953
-27.594684600830078
-27.567279815673828
-27.597795486450195
-27.604209899902344
-27.583675384521484
-27.59830093383789
-27.588266372680664
-27.586288452148438
-27.593935012817383
-27.59856605529785
-27.591018676757812
-27.59763526916504
-27.610450744628906
-27.609535217285156
-27.616783142089844
-27.627450942993164
-27.627857208251953
-27.630962371826172
-27.614967346191406
-27.615427017211914
-27.43708038330078
-27.431251525878906
-27.43638038635254
-27.500518798828125
-27.510913848876953
-27.513816833496094
-27.54269790649414
-27.538902282714844
-27.541749954223633
-27.602144241333008
-27.616708755493164
-27.601123809814453
-27.615489959716797
-27.612178802490234
-27.614530563354492
-27.625225067138672
-27.62506675720215
-27.629499435424805
-27.62893295288086
-27.62908363342285
-27.62053680419922
-27.59738540649414
-27.573150634765625
-27.56817054748535
-27.589365005493164
-27.577106475830078
-27.583566665649414
-27.573822021484375
-27.52665901184082
-27.47218894958496
-27.490272521972656
-27.532934188842773
-27.501909255981445
-27.521766662597656
-27.521488189697266
-27.521696090698242
-27.468549728393555
-27.463369369506836
-27.40784454345703
-27.4116153717041
-27.443925857543945
-27.483274459838867
-27.496187210083008
-27.511337280273438
-27.508630752563477
-27.534372329711914
-27.592164993286133
-27.62826156616211
-27.631006240844727
-27.62803840637207
-27.62925910949707
-27.57538604736328
-27.5391902923584
-27.518783569335938
-27.518756866455078
-27.52117156982422
-27.547569274902344
-27.59090232849121
-27.570758819580078
-27.61683464050293
-27.563886642456055
-27.626049041748047
-27.628694534301758
-27.61420249938965
-27.55156707763672
-27.551565170288086
-27.560256958007812
-27.53849220275879
-27.56036949157715
-27.5693359375
-27.551429748535156
-27.558757781982422
-27.57160758972168
-27.525466918945312
-27.528642654418945
-27.52882194519043
-27.540302276611328
-27.56324577331543
-27.5604190826416
-27.551025390625
-27.438928604125977
-27.444015502929688
-27.52105712890625
-27.571853637695312
-27.56680679321289
-27.52439308166504
-27.496200561523438
-27.51134490966797
-27.53203582763672
-27.537677764892578
-27.540416717529297
-27.553070068359375
-27.620647430419922
-27.617956161499023
-27.61786460876465
-27.613126754760742
-27.598730087280273
-27.5838623046875
-27.603862762451172
-27.595396041870117
-27.601009368896484
-27.603574752807617
-27.518512725830078
-27.476924896240234
-27.479312896728516
-27.46640396118164
-27.46712875366211
-27.426902770996094
-27.39925765991211
-27.412418365478516
-27.392822265625
-27.41457748413086
-27.296646118164062
-27.30885124206543
-27.44904327392578
-27.41486930847168
-27.441251754760742
-27.442157745361328
-27.422658920288086
-27.439321517944336
-27.390867233276367
-27.37546730041504
-27.44849395751953
-27.391494750976562
-27.43377685546875
-27.426925659179688
-27.395050048828125
-27.39192771911621
-27.37636375427246
-27.418289184570312
-27.381860733032227
-27.488161087036133
-27.482872009277344
-27.459714889526367
-27.427635192871094
-27.428457260131836
-27.485912322998047
-27.501415252685547
-27.579072952270508
-27.58850860595703
-27.58197021484375
-27.576709747314453
-27.594274520874023
-27.626596450805664
-27.628582000732422
-27.630882263183594
-27.630720138549805
-27.63091278076172
-27.62722396850586
-27.61870765686035
-27.621339797973633
-27.630489349365234
-27.630657196044922
-27.629920959472656
-27.625043869018555
-27.62247085571289
-27.630943298339844
-27.629192352294922
-27.630435943603516
-27.626874923706055
-27.62860870361328
-27.62755012512207
-27.609575271606445
-27.546682357788086
-27.44427490234375
-27.439546585083008
-27.448957443237305
-27.440006256103516
-27.398103713989258
-27.38030242919922
-27.370824813842773
-27.394742965698242
-27.43416404724121
-27.473651885986328
-27.500829696655273
-27.494251251220703
-27.54096794128418
-27.558382034301758
-27.532489776611328
-27.533527374267578
-27.535070419311523
-27.49432373046875
-27.50156021118164
-27.57436752319336
-27.544527053833008
-27.564687728881836
-27.545873641967773
-27.539047241210938
-27.510534286499023
-27.566587448120117
-27.5733585357666
-27.567474365234375
-27.550439834594727
-27.51361656188965
-27.55043601989746
-27.57768440246582
-27.533960342407227
-27.573633193969727
-27.576318740844727
-27.612289428710938
-27.59700584411621
-27.619604110717773
-27.60945701599121
-27.61155128479004
-27.617897033691406
-27.60953140258789
-27.598878860473633
-27.601152420043945
-27.60345458984375
-27.612348556518555
-27.61455535888672
-27.619617462158203
-27.626426696777344
-27.624008178710938
-27.60378074645996
-27.61092758178711
-27.615814208984375
-27.62032127380371
-27.62946891784668
-27.627046585083008
-27.630348205566406
-27.622827529907227
-27.626544952392578
-27.63007354736328
-27.63045883178711
-27.6309757232666
-27.627042770385742
-27.620729446411133
-27.616758346557617
-27.615497589111328
-27.57075309753418
-27.552188873291016
-27.608421325683594
-27.606773376464844
-27.614561080932617
-27.630367279052734
-27.630172729492188
-27.630935668945312
-27.626070022583008
-27.602460861206055
-27.578676223754883
-27.583852767944336
-27.606136322021484
-27.60333251953125
-27.611074447631836
-27.58460235595703
-27.58661460876465
-27.597064971923828
-27.594934463500977
-27.580984115600586
-27.5765323638916
-27.594058990478516
-27.592952728271484
-27.583843231201172
-27.571989059448242
-27.569602966308594
-27.57341957092285
-27.585447311401367
-27.58599281311035
-27.612794876098633
-27.627548217773438
-27.63075828552246
-27.616544723510742
-27.615671157836914
-27.622272491455078
-27.627708435058594
-27.61347198486328
-27.59648895263672
-27.625244140625
-27.601655960083008
-27.604427337646484
-27.59088134765625
-27.600889205932617
-27.59319305419922
-27.586313247680664
-27.59688377380371
-27.597829818725586
-27.617713928222656
-27.61845588684082
-27.63079833984375
-27.62373161315918
-27.60523796081543
-27.602685928344727
-27.598318099975586
-27.61380386352539
-27.605056762695312
-27.500337600708008
-27.55059814453125
-27.55211639404297
-27.57520866394043
-27.571346282958984
-27.58945655822754
-27.598730087280273
-27.611661911010742
-27.617815017700195
-27.620338439941406
-27.624540328979492
-27.62513542175293
-27.62715721130371
-27.62895965576172
-27.623394012451172
-27.62078857421875
-27.621543884277344
-27.63027000427246
-27.629121780395508
-27.630935668945312
-27.6094970703125
-27.6209659576416
-27.581823348999023
-27.569072723388672
-27.56483268737793
-27.559017181396484
-27.558420181274414
-27.58974266052246
-27.583534240722656
-27.152156829833984
-27.19040870666504
-27.114665985107422
-27.064109802246094
-27.10137176513672
-27.059736251831055
-27.180831909179688
-27.1337833404541
-27.297006607055664
-27.433055877685547
-27.465476989746094
-27.587350845336914
-27.58586311340332
-27.629819869995117
-27.630693435668945
-27.629240036010742
-27.622182846069336
-27.624826431274414
-27.62932014465332
-27.630746841430664
-27.61600685119629
-27.623659133911133
-27.630189895629883
-27.616287231445312
-27.62833595275879
-27.626480102539062
-27.629594802856445
-27.624465942382812
-27.61126136779785
-27.61520004272461
-27.615982055664062
-27.615942001342773
-27.619483947753906
-27.62613296508789
-27.628219604492188
-27.63086700439453
-27.62873077392578
-27.628355026245117
-27.618244171142578
-27.602252960205078
-27.565757751464844
-27.56073760986328
-27.544145584106445
-27.439836502075195
-27.484331130981445
-27.46894645690918
-27.513195037841797
-27.476892471313477
-27.46649742126465
-27.433412551879883
-27.552492141723633
