-24.515792846679688
-26.84365463256836
-27.014892578125
-27.463085174560547
-27.340084075927734
-27.584623336791992
-27.622201919555664
-27.616819381713867
-27.61557388305664
-27.62023162841797
-27.519834518432617
-27.507736206054688
-27.589590072631836
-27.499366760253906
-27.459630966186523
-27.31292152404785
-27.488962173461914
-27.449111938476562
-27.544767379760742
-27.478416442871094
-27.5312557220459
-27.39961051940918
-27.605939865112305
-27.596519470214844
-27.467557907104492
-27.367721557617188
-27.46320152282715
-27.49903106689453
-27.518680572509766
-27.5517578125
-27.618087768554688
-27.349836349487305
-27.608652114868164
-27.393123626708984
-27.168127059936523
-27.237180709838867
-26.94024085998535
-27.052976608276367
-26.81565284729004
-27.306541442871094
-27.202409744262695
-27.059925079345703
-27.29874038696289
-27.58657455444336
-27.583526611328125
-27.57622528076172
-27.575435638427734
-27.43358612060547
-27.468151092529297
-27.48287010192871
-27.571630477905273
-27.50823402404785
-27.551349639892578
-27.573156356811523
-26.9695987701416
-27.204349517822266
-27.169584274291992
-27.41182518005371
-27.570796966552734
-27.621912002563477
-27.62034034729004
-27.603147506713867
-27.621551513671875
-27.620824813842773
-27.592992782592773
-27.55387306213379
-27.30685806274414
-27.518651962280273
-27.50217056274414
-27.43529510498047
-27.47089385986328
-27.44190216064453
-27.50780487060547
-27.582033157348633
-27.537893295288086
-27.57614517211914
-27.61957359313965
-27.584089279174805
-27.49541473388672
-27.365020751953125
-27.512569427490234
-27.59001922607422
-27.4598388671875
-27.387052536010742
-27.46533966064453
-27.3309326171875
-27.13492774963379
-27.113969802856445
-26.896995544433594
-26.952810287475586
-27.618938446044922
-27.60820960998535
-27.2235107421875
-26.86763572692871
-26.764619827270508
-27.116687774658203
-27.452228546142578
-27.53676414489746
-27.48093032836914
-27.616233825683594
-27.55970573425293
-27.61122703552246
-27.544713973999023
-27.46196174621582
-26.857772827148438
-27.290403366088867
-27.612442016601562
-27.525920867919922
-27.348669052124023
-27.52408790588379
-27.604948043823242
-27.590608596801758
-27.419713973999023
-27.41387939453125
-27.38576316833496
-27.22591209411621
-27.36318588256836
-27.45401382446289
-27.29861068725586
-27.163894653320312
-27.454875946044922
-27.194793701171875
-27.310163497924805
-27.261932373046875
-27.388662338256836
-27.583498001098633
-27.513917922973633
-27.525920867919922
-27.47393226623535
-27.580833435058594
-27.586742401123047
-27.56886100769043
-27.611711502075195
-27.554458618164062
-27.614805221557617
-27.618717193603516
-27.6126708984375
-27.520601272583008
-27.558744430541992
-27.529268264770508
-27.568864822387695
-27.56145477294922
-27.58794403076172
-27.60368537902832
-27.465831756591797
-27.363183975219727
-27.49686050415039
-27.05031967163086
-26.965164184570312
-27.230432510375977
-27.17061424255371
-26.97113609313965
-27.053754806518555
-27.171817779541016
-26.967391967773438
-27.42934226989746
-27.553157806396484
-27.58622932434082
-27.618127822875977
-27.61570167541504
-27.607473373413086
-27.60584831237793
-27.543277740478516
-27.475543975830078
-27.43925666809082
-27.49779510498047
-27.370906829833984
-27.3828125
-27.213171005249023
-27.537765502929688
-27.31797218322754
-27.539539337158203
-27.5550594329834
-27.615407943725586
-26.91962432861328
-27.19812774658203
-27.391448974609375
-25.751489639282227
-26.2867374420166
-25.143470764160156
-26.101518630981445
-26.98824119567871
-27.39348602294922
-27.524354934692383
-27.61244773864746
-27.620121002197266
-27.59638023376465
-27.592514038085938
-27.525466918945312
-27.423343658447266
-27.434839248657227
-27.619596481323242
-27.570573806762695
-27.590476989746094
-27.568666458129883
-27.544187545776367
-27.234012603759766
-26.721256256103516
-26.419071197509766
-26.761024475097656
-26.64162826538086
-26.946910858154297
-27.186513900756836
-27.28144645690918
-27.48443603515625
-27.56593894958496
-27.462047576904297
-27.408103942871094
-27.083450317382812
-26.855382919311523
-26.97087860107422
-27.137426376342773
-27.62141227722168
-27.556299209594727
-27.613380432128906
-27.618698120117188
-27.484346389770508
-27.419967651367188
-26.872770309448242
-26.83974838256836
-26.652517318725586
-27.08171844482422
-27.438289642333984
-27.578628540039062
-27.610950469970703
-27.593158721923828
-27.60706901550293
-27.31028938293457
-27.218963623046875
-27.047365188598633
-27.352140426635742
-27.327747344970703
-27.44927406311035
-27.339645385742188
-26.07044219970703
-25.866756439208984
-25.495214462280273
-26.976978302001953
-26.498117446899414
-27.11679458618164
-27.28310203552246
-27.586956024169922
-27.584991455078125
-27.353532791137695
-27.403676986694336
-27.385379791259766
-27.610002517700195
-27.606069564819336
-27.582551956176758
-27.570892333984375
-27.417709350585938
-27.616390228271484
-27.520164489746094
-27.471084594726562
-27.36781883239746
-27.274234771728516
-27.18638801574707
-26.79155158996582
-26.65489387512207
-26.288368225097656
-26.383848190307617
-26.295291900634766
-26.304346084594727
-26.503955841064453
-27.14410400390625
-27.37456703186035
-27.524314880371094
-27.493558883666992
-27.416719436645508
-27.453428268432617
-27.365442276000977
-27.454200744628906
-27.431716918945312
-27.52376365661621
-27.273658752441406
-27.487071990966797
-26.645450592041016
-27.582746505737305
-27.182275772094727
-26.745052337646484
-26.548460006713867
-26.20132827758789
-25.784900665283203
-25.741121292114258
-25.948116302490234
-26.63638687133789
-26.821630477905273
-27.41390037536621
-27.597225189208984
-27.506174087524414
-27.621990203857422
-27.471792221069336
-27.3024845123291
-27.227890014648438
-27.533267974853516
-27.594013214111328
-27.57717514038086
-27.521333694458008
-27.614789962768555
-27.61121368408203
-27.578781127929688
-27.62158203125
-27.612924575805664
-27.572587966918945
-27.591251373291016
-27.501110076904297
-27.342723846435547
-27.5593318939209
-27.577526092529297
-27.467077255249023
-27.57136344909668
-27.57012939453125
-27.467464447021484
-27.43204116821289
-27.12091827392578
-27.131851196289062
-26.900739669799805
-27.192651748657227
-27.134994506835938
-26.998477935791016
-27.130687713623047
-27.394729614257812
-27.180456161499023
-27.611846923828125
-27.58234977722168
-27.595266342163086
-27.618982315063477
-27.60072898864746
-27.588808059692383
-27.622074127197266
-27.605199813842773
-27.363218307495117
-27.572343826293945
-26.787267684936523
-26.94576072692871
-27.37932586669922
-27.283794403076172
-27.559486389160156
-27.58092498779297
-27.561019897460938
-27.583282470703125
-27.4571475982666
-27.06666374206543
-27.119592666625977
-26.872209548950195
-27.084718704223633
-27.124006271362305
-27.34981346130371
-27.414939880371094
-27.23018455505371
-27.01455307006836
-26.945741653442383
-26.97663116455078
-26.92140007019043
-27.590055465698242
-27.569351196289062
-27.55736541748047
-27.396181106567383
-27.568361282348633
-27.468212127685547
-6879129600.0
-1320850176.0
-2433739008.0
-12063588352.0
-12737452032.0
-21937825792.0
-22764339200.0
-29358780416.0
-6172628480.0
-1481461376.0
-3011786240.0
-2882265344.0
-12712007680.0
-2729382400.0
-833283008.0
-502738464.0
-579420992.0
-783086912.0
-1744368768.0
-1600050944.0
-10633710592.0
-11146704896.0
-10785793024.0
-10316249088.0
-19847886848.0
-3800537344.0
-5539854848.0
-15541959680.0
-16174274560.0
-24482279424.0
-5517476352.0
-1659301888.0
-3109851392.0
-2899375360.0
-2703107584.0
-12337299456.0
-12911077376.0
-21871073280.0
-4570835968.0
-6393897472.0
-6020260864.0
-5818877952.0
-15997684736.0
-3120500224.0
-4633163776.0
-4314727936.0
-14285788160.0
-2750843392.0
-564094272.0
-181865824.0
-204464864.0
-370777248.0
-1138837632.0
-9964657664.0
-10556902400.0
-10098330624.0
-9780445184.0
-19246030848.0
-3725897728.0
-779323456.0
-1920455936.0
-11265106944.0
-11804875776.0
-11312282624.0
-20775903232.0
-21552779264.0
-28440205312.0
-29328650240.0
-33819260928.0
-7610949120.0
-9926315008.0
-9441451008.0
-9015153664.0
-8537562624.0
-18651658240.0
-19643027456.0
-19173525504.0
-18689054720.0
-26461007872.0
-5247407104.0
-893345664.0
-2061793920.0
-11513696256.0
-12026132480.0
-11455639552.0
-20766476288.0
-21375043584.0
-28315291648.0
-29158225920.0
-33461362688.0
-34390413312.0
-37159608320.0
-38156824576.0
-39506546688.0
-9139878912.0
-11755879424.0
-11444073472.0
-11049839616.0
-10651180032.0
-10207430656.0
-9569482752.0
-8976829440.0
-8277984256.0
-8056847360.0
-7473572352.0
-6695357440.0
-6123496448.0
-5226886656.0
-4761202176.0
-3726147328.0
-3641991680.0
-2464961792.0
-2403260928.0
-1858458880.0
-24.99167823791504
-25.791162490844727
-26.0640811920166
-26.820972442626953
-27.582569122314453
-27.603979110717773
-27.522367477416992
-27.542734146118164
-27.17226219177246
-26.945880889892578
-26.69157600402832
-26.622589111328125
-26.43625831604004
-26.46674156188965
-26.435420989990234
-26.848438262939453
-27.196762084960938
-27.33444595336914
-27.446348190307617
-27.579818725585938
-27.61152458190918
-27.557191848754883
-27.268728256225586
-27.388505935668945
-26.897968292236328
-27.41560173034668
-27.555835723876953
-27.55729866027832
-27.591768264770508
-27.529218673706055
-27.62104034423828
-27.553531646728516
-27.615324020385742
-27.617456436157227
-27.569849014282227
-27.580821990966797
-27.333271026611328
-27.209793090820312
-26.9815731048584
-27.09284019470215
-27.42768096923828
-27.5124454498291
-26.621294021606445
-27.25344467163086
-27.5661563873291
-27.61714744567871
-27.51612663269043
-27.476858139038086
-27.201318740844727
-27.16299057006836
-27.323453903198242
-27.295310974121094
-27.179643630981445
-27.14170265197754
-26.92530059814453
-27.009580612182617
-27.051050186157227
-27.246023178100586
-27.218908309936523
-27.344440460205078
-27.567970275878906
-27.21886444091797
-25.91726303100586
-25.627222061157227
-25.507394790649414
-25.63134002685547
-25.6730899810791
-26.26319694519043
-27.56804656982422
-27.553810119628906
-27.619882583618164
-27.54105567932129
-27.619182586669922
-27.61176872253418
-27.525798797607422
-27.40962028503418
-27.602596282958984
-27.5902042388916
-27.6201171875
-27.605375289916992
-27.564029693603516
-27.32659339904785
-27.18937873840332
-27.29466438293457
-27.06696128845215
-26.928251266479492
-26.874801635742188
-26.997426986694336
-26.669750213623047
-27.612777709960938
-27.61516761779785
-26.262666702270508
-27.344200134277344
-27.502511978149414
-27.62215805053711
-27.613128662109375
-27.60807228088379
-27.59967803955078
-27.487136840820312
-27.56418228149414
-27.61147117614746
-27.618377685546875
-27.593961715698242
-27.618431091308594
-27.591197967529297
-27.51590347290039
-27.21410369873047
-27.092960357666016
-27.47041893005371
-27.19835662841797
-26.854778289794922
-27.388839721679688
-27.600122451782227
-27.523372650146484
-27.621076583862305
-27.566673278808594
-27.46520233154297
-27.571197509765625
-27.53080177307129
-27.50067138671875
-27.599050521850586
-27.602128982543945
-27.59552764892578
-27.379966735839844
-26.876312255859375
-27.44648551940918
-27.467693328857422
-27.547439575195312
-27.490358352661133
-27.622177124023438
-27.4157772064209
-27.58914566040039
-27.551698684692383
-27.617551803588867
-27.617984771728516
-27.615846633911133
-27.561532974243164
-27.505708694458008
-27.302343368530273
-27.406789779663086
-27.5970401763916
-27.438152313232422
-27.438488006591797
-27.54559898376465
-27.59851837158203
-27.464555740356445
-27.449047088623047
-27.14306640625
-27.021198272705078
-26.96485710144043
-26.813066482543945
-27.01679801940918
-27.002626419067383
-27.266172409057617
-27.391414642333984
-27.55350685119629
-27.556734085083008
-27.601022720336914
-27.290735244750977
-27.274274826049805
-27.202266693115234
-27.55999755859375
-27.54667091369629
-27.29204559326172
-27.6215763092041
-27.61832046508789
-27.62175941467285
-27.44933319091797
-25.48977279663086
-26.382221221923828
-27.244775772094727
-27.46125602722168
-27.338165283203125
-26.675865173339844
-27.08883285522461
-27.103317260742188
-27.176158905029297
-27.538066864013672
-27.60698127746582
-27.62148094177246
-27.529678344726562
-27.612960815429688
-27.619930267333984
-27.61434555053711
-27.61777687072754
-27.580028533935547
-27.534887313842773
-27.441843032836914
-27.47664451599121
-27.4304256439209
-27.237632751464844
-27.234886169433594
-27.29515266418457
-27.156295776367188
-27.544286727905273
-27.421419143676758
-27.36178970336914
-27.36196517944336
-27.439350128173828
-27.275049209594727
-27.476869583129883
-27.320222854614258
-27.321996688842773
-27.372371673583984
-27.588376998901367
-27.615642547607422
-27.506546020507812
-27.358089447021484
-27.612659454345703
-27.4921932220459
-27.447534561157227
-27.29212188720703
-27.583280563354492
-27.62217903137207
-27.59600067138672
-27.609722137451172
-27.46158218383789
-27.193140029907227
-27.09485626220703
-27.571243286132812
-27.583498001098633
-27.55187225341797
-27.616994857788086
-27.575742721557617
-27.587806701660156
-27.62184715270996
-27.616392135620117
-27.528060913085938
-27.512134552001953
-27.193737030029297
-27.28656005859375
-26.725805282592773
-27.278182983398438
-27.178512573242188
-27.338699340820312
-27.620159149169922
-27.593130111694336
-27.62010955810547
-27.614669799804688
-27.566120147705078
-27.01959991455078
-27.252893447875977
-27.002094268798828
-27.010650634765625
-26.63584327697754
-27.07668685913086
-25.146663665771484
-24.847671508789062
-26.968791961669922
-27.229598999023438
-27.547348022460938
-27.6088924407959
-27.614463806152344
-27.614253997802734
-27.557723999023438
-27.555768966674805
-27.524513244628906
-27.620573043823242
-27.616382598876953
-27.50503158569336
-27.364273071289062
-27.212068557739258
-26.83623504638672
-26.738636016845703
-26.62528419494629
-26.926076889038086
-26.74695587158203
-27.10503578186035
-27.53387451171875
-27.42607879638672
-27.506759643554688
-27.393810272216797
-27.354726791381836
-27.364490509033203
-27.321094512939453
-27.621871948242188
-27.6008358001709
-27.588098526000977
-27.560867309570312
-27.517602920532227
-27.438045501708984
-27.429967880249023
-27.480045318603516
-27.55628204345703
-27.491106033325195
-27.38148307800293
-27.28110122680664
-27.316862106323242
-27.23874855041504
-27.494367599487305
-27.339868545532227
-27.308368682861328
-27.142257690429688
-27.517303466796875
-27.548240661621094
-27.362411499023438
-27.410385131835938
-27.438026428222656
-27.564722061157227
-26.68167495727539
-26.907556533813477
-26.83608055114746
-26.862979888916016
-26.84455108642578
-27.384857177734375
-27.489486694335938
-27.526798248291016
-27.62220001220703
-27.616504669189453
-27.480152130126953
-27.470300674438477
-27.324508666992188
-27.16501808166504
-26.939958572387695
-27.02454948425293
-27.21734046936035
-27.25471305847168
-27.4226016998291
-27.487112045288086
-27.547019958496094
-27.55680274963379
-27.565425872802734
-27.432191848754883
-27.585241317749023
-27.46979522705078
-27.504085540771484
-27.62171745300293
-27.592302322387695
-27.605880737304688
-27.601356506347656
-27.622194290161133
-27.610824584960938
-27.45372200012207
-27.435550689697266
-27.129270553588867
-27.490007400512695
-27.602752685546875
-27.579792022705078
-27.620079040527344
-26.08255958557129
-25.458288192749023
-26.707216262817383
-27.02578353881836
-26.851924896240234
-27.339235305786133
-27.499971389770508
-27.616796493530273
-27.615692138671875
-27.621185302734375
-27.62201690673828
-27.424518585205078
-27.526248931884766
-27.5585880279541
-27.359188079833984
-27.602338790893555
-27.555601119995117
-27.596158981323242
-27.58214569091797
-27.57321548461914
-27.502735137939453
-27.622045516967773
-27.58172607421875
-27.61518669128418
-27.52666664123535
-27.6221981048584
-27.609529495239258
-27.566082000732422
-27.28742790222168
-27.39929962158203
-27.6114559173584
-27.52875518798828
-27.55038833618164
-27.460397720336914
-27.260143280029297
-27.234403610229492
-27.529502868652344
-27.59058952331543
-27.621444702148438
-27.5239315032959
-27.406173706054688
-27.27032470703125
-27.027172088623047
-27.134998321533203
-27.500898361206055
-27.59548568725586
-27.611644744873047
-27.602968215942383
-27.59058380126953
-27.619205474853516
-27.56836700439453
-27.416656494140625
-27.591018676757812
-27.508773803710938
-27.02298355102539
-27.170379638671875
-25.923715591430664
-26.91922950744629
-27.160120010375977
-27.52902603149414
-27.617599487304688
-27.56889533996582
-27.492441177368164
-27.489665985107422
-27.373048782348633
-27.364530563354492
-27.23320198059082
-27.318313598632812
-27.250699996948242
-27.431997299194336
-27.29420280456543
-27.560577392578125
-27.377532958984375
-27.117881774902344
-26.9981746673584
-26.644733428955078
-26.605243682861328
-26.73221778869629
-27.44413185119629
-27.55569839477539
-27.610027313232422
-27.191343307495117
-27.468603134155273
-27.03225326538086
-26.8957462310791
-26.835800170898438
-25.18916130065918
-26.50700569152832
-27.41077995300293
-27.613618850708008
-27.602521896362305
-27.556224822998047
-27.588960647583008
-27.6055908203125
-27.57790756225586
-27.330120086669922
-27.537443161010742
-27.548402786254883
-27.59121322631836
-27.61634063720703
-27.614591598510742
-27.62074089050293
-27.62180519104004
-27.619779586791992
-27.588998794555664
-27.534740447998047
-27.606901168823242
-27.621274948120117
-27.581947326660156
-27.534212112426758
-27.374826431274414
-27.3555965423584
-27.242813110351562
-27.61969757080078
-27.377893447875977
-27.229230880737305
-27.43416404724121
-27.539600372314453
-27.523988723754883
-27.538265228271484
-27.530717849731445
-27.422941207885742
-27.188383102416992
-27.18042755126953
-27.202280044555664
-27.241344451904297
-27.08650779724121
-27.029804229736328
-27.050508499145508
-27.10609245300293
-27.194440841674805
-27.516902923583984
-27.604572296142578
-27.61796760559082
-27.609119415283203
-27.213050842285156
-27.099411010742188
-27.358116149902344
-27.46013641357422
-27.37721061706543
-26.86192512512207
-27.175745010375977
-25.840057373046875
-26.278459548950195
-27.24863052368164
-27.319814682006836
-27.618833541870117
-27.62029457092285
-27.577503204345703
-27.411577224731445
-27.479421615600586
-27.22212791442871
-27.410261154174805
-27.621252059936523
-27.492712020874023
-27.468475341796875
-27.309194564819336
-26.777576446533203
-26.576623916625977
-27.022153854370117
-27.273025512695312
-27.538455963134766
-27.611618041992188
-27.62047004699707
-27.606887817382812
-27.579833984375
-27.564245223999023
-27.448461532592773
-27.553133010864258
-27.458934783935547
-27.273487091064453
-26.897411346435547
-26.82817840576172
-26.642234802246094
-27.364768981933594
-27.4938907623291
-27.587234497070312
-27.489614486694336
-27.367534637451172
-27.5887451171875
-27.494779586791992
-27.592809677124023
-26.655101776123047
-25.24241065979004
-26.39469337463379
-27.277114868164062
-27.204744338989258
-26.873952865600586
-26.964096069335938
-27.091623306274414
-27.619407653808594
-27.47016716003418
-27.308917999267578
-27.570472717285156
-27.60301399230957
-27.290300369262695
-26.967140197753906
-27.567699432373047
-27.622167587280273
-27.568769454956055
-27.411251068115234
-27.605358123779297
-27.61634635925293
-27.596738815307617
-27.57223892211914
-27.608705520629883
-27.59434700012207
-27.619983673095703
-27.615999221801758
-27.5507755279541
-27.56700325012207
-27.608964920043945
-27.621591567993164
-27.615480422973633
-27.502309799194336
-27.504783630371094
-27.593168258666992
-27.620685577392578
-27.57806968688965
-27.604263305664062
-27.497970581054688
-27.543210983276367
-27.617584228515625
-27.507713317871094
-27.585987091064453
-27.375959396362305
-27.31182861328125
-26.846508026123047
-26.48622703552246
-27.069854736328125
-26.892704010009766
-27.620500564575195
-27.621198654174805
-27.331192016601562
-27.604106903076172
-27.432640075683594
-27.576566696166992
-27.461444854736328
-27.56732940673828
-27.575422286987305
-27.522781372070312
-27.602474212646484
-27.55072593688965
-27.61457633972168
-27.62115478515625
-27.604114532470703
-27.609569549560547
-27.527538299560547
-27.50216293334961
-27.533323287963867
-27.545703887939453
-27.400997161865234
-27.432382583618164
-27.373971939086914
-27.396326065063477
-27.28997802734375
-26.931739807128906
-26.79400634765625
-26.640525817871094
-26.849977493286133
-27.14710807800293
-26.89811134338379
-27.620746612548828
-27.620492935180664
-27.621484756469727
-27.621559143066406
-27.570228576660156
-27.222461700439453
-27.233692169189453
-25.758136749267578
-26.90239715576172
-27.616313934326172
-27.61178970336914
-27.56769371032715
-27.597505569458008
-27.556522369384766
-27.390913009643555
-27.010473251342773
-27.61923599243164
-27.619287490844727
-27.43932342529297
-27.620967864990234
-27.59239387512207
-27.498027801513672
-27.502689361572266
-27.438186645507812
-27.353233337402344
-27.277006149291992
-27.052095413208008
-27.363061904907227
-27.524045944213867
-27.375967025756836
-27.56141471862793
-27.569067001342773
-27.61941146850586
-27.598159790039062
-27.4556884765625
-27.541275024414062
-27.318416595458984
-27.345806121826172
-27.21971321105957
-26.995065689086914
-26.82476043701172
-27.14821434020996
-27.6189022064209
-27.619850158691406
-27.576902389526367
-27.5589656829834
-27.4515438079834
-27.30886459350586
-27.380395889282227
-27.62177085876465
-27.6137638092041
-27.608680725097656
-27.607460021972656
-27.609737396240234
-26.809911727905273
-27.073820114135742
-27.531692504882812
-27.621593475341797
-27.60946273803711
-27.450443267822266
-27.06906509399414
-27.233930587768555
-27.34880828857422
-27.27325439453125
-27.572559356689453
-27.621232986450195
-27.62184715270996
-27.579627990722656
-27.489215850830078
-27.44968605041504
-27.311582565307617
-27.25634765625
-26.756460189819336
-27.0009708404541
-27.217636108398438
-27.03189468383789
-27.053728103637695
-27.05144691467285
-27.430583953857422
-27.457677841186523
-27.55776596069336
-27.58669662475586
-27.618465423583984
-27.622159957885742
-27.57463836669922
-27.59953498840332
-27.620615005493164
-27.60727882385254
-27.608991622924805
-27.619367599487305
-27.542224884033203
-27.532791137695312
-27.332355499267578
-27.618366241455078
-27.505067825317383
-27.514616012573242
-27.51873779296875
-27.621850967407227
-27.588504791259766
-27.59770965576172
-27.145458221435547
-27.359970092773438
-27.617446899414062
-27.619935989379883
-27.621335983276367
-27.612403869628906
-27.56180191040039
-27.620872497558594
-27.62189483642578
-27.391887664794922
-27.603471755981445
-27.615238189697266
-27.442983627319336
-27.60231590270996
-27.61200714111328
-26.857627868652344
-27.135332107543945
-27.06534767150879
-27.473779678344727
-27.617626190185547
-27.622024536132812
-27.62205696105957
-27.59052085876465
-27.62213134765625
-27.569482803344727
-27.43149757385254
-27.596027374267578
-27.621578216552734
-27.617002487182617
-27.473541259765625
-27.398250579833984
-27.478919982910156
-27.277925491333008
-27.09912872314453
-27.055728912353516
-27.06502342224121
-26.65154457092285
-26.576183319091797
-26.922483444213867
-27.259971618652344
-27.406253814697266
-27.3223934173584
-27.49175262451172
-27.617826461791992
-27.527870178222656
-27.492116928100586
-27.270132064819336
-27.419607162475586
-27.528539657592773
-27.620738983154297
-27.580730438232422
-27.605667114257812
-27.586769104003906
-27.61905288696289
-27.595895767211914
-27.62179946899414
-27.476276397705078
-27.512128829956055
-27.26201629638672
-27.14759063720703
-26.903432846069336
-26.656944274902344
-26.73106575012207
-26.61637306213379
-26.642414093017578
-27.297515869140625
-27.46940040588379
-27.417383193969727
-27.45671844482422
-27.57081413269043
-27.543378829956055
-27.60506820678711
-27.60914421081543
-27.462419509887695
-27.375150680541992
-27.599401473999023
-27.51457977294922
-27.613122940063477
-27.6221981048584
-27.27842140197754
-26.99363899230957
-27.48579216003418
-27.621095657348633
-26.928672790527344
-25.858896255493164
-24.866914749145508
-25.806411743164062
-27.330062866210938
-27.508302688598633
-27.592496871948242
-27.52050018310547
-27.53523063659668
-27.619516372680664
-27.61614227294922
-27.490535736083984
-27.187402725219727
-27.273202896118164
-27.538305282592773
-27.6025390625
-27.60938835144043
-27.606191635131836
-27.55780029296875
-27.468576431274414
-27.38027572631836
-27.12408447265625
-27.21103286743164
-27.17812728881836
-27.43735694885254
-27.573867797851562
-27.543794631958008
-27.445371627807617
-27.443098068237305
-27.599924087524414
-27.61415672302246
-27.483278274536133
-27.16014289855957
-27.230026245117188
-27.39558982849121
-27.10878562927246
-27.3027400970459
-27.025070190429688
-26.6385498046875
-26.291919708251953
-26.114789962768555
-25.798009872436523
-25.840137481689453
-25.964828491210938
-26.059612274169922
-26.423126220703125
-26.5416316986084
-26.602922439575195
-26.76482582092285
-27.35207748413086
-27.58843994140625
-27.60065460205078
-25.957775115966797
-22.29404067993164
-25.207340240478516
-26.19135284423828
-26.985652923583984
-27.253690719604492
-23.881383895874023
-26.200517654418945
-25.740497589111328
-26.941448211669922
-27.307817459106445
-27.610538482666016
-27.622201919555664
-27.62179946899414
-27.52421760559082
-27.619815826416016
-27.56358528137207
-27.6141300201416
-27.0010929107666
-27.33225440979004
-27.59931182861328
-27.618207931518555
-27.36540412902832
-27.311927795410156
-27.39582061767578
-27.320812225341797
-27.35845184326172
-27.324203491210938
-27.304895401000977
-26.886014938354492
-26.817800521850586
-27.042917251586914
-26.85213851928711
-27.1686954498291
-26.901988983154297
-26.86503791809082
-27.03270149230957
-27.1658992767334
-27.028318405151367
-27.20958137512207
-26.71872901916504
-27.001428604125977
-27.551326751708984
-27.539142608642578
-27.583385467529297
-26.47687339782715
-24.576717376708984
-25.346864700317383
-24.1986026763916
-24.46937370300293
-23.714244842529297
-23.014123916625977
-25.331396102905273
-25.75128173828125
-25.401573181152344
-26.257402420043945
-27.16426658630371
-27.40248680114746
-27.448734283447266
-27.622142791748047
-27.62134552001953
-27.547718048095703
-27.52619743347168
-27.252857208251953
-27.21680450439453
-27.041276931762695
-27.252010345458984
-27.620372772216797
-27.616853713989258
-27.622011184692383
-27.583541870117188
-27.62133026123047
-27.61188507080078
-27.614898681640625
-27.59311294555664
-27.551467895507812
-27.58304214477539
-27.565073013305664
-27.29680824279785
-27.038169860839844
-27.02295684814453
-27.291534423828125
-27.48145866394043
-27.264991760253906
-27.60978126525879
-27.621084213256836
-27.60448455810547
-27.604076385498047
-27.367984771728516
-27.001062393188477
-27.18926429748535
-27.536338806152344
-27.443984985351562
-27.515470504760742
-27.553178787231445
-27.35455322265625
-27.036483764648438
-27.325284957885742
-27.603303909301758
-27.456850051879883
-27.19081687927246
-26.897708892822266
-26.94149398803711
-26.8776912689209
-27.095346450805664
-27.03752326965332
-27.273269653320312
-27.467321395874023
-27.619415283203125
-27.588621139526367
-27.552650451660156
-27.413711547851562
-27.62201690673828
-27.52574348449707
-27.569839477539062
-27.521574020385742
-27.485376358032227
-27.539560317993164
-27.61688232421875
-27.590028762817383
-27.617691040039062
-27.614055633544922
-26.959714889526367
-26.120220184326172
-25.936477661132812
-25.026731491088867
-26.128917694091797
-26.969791412353516
-27.30721092224121
-27.39950942993164
-26.87750244140625
-26.590816497802734
-27.3043270111084
-27.512405395507812
-27.611644744873047
-27.58098602294922
-27.227689743041992
-27.09733772277832
-27.514408111572266
-27.3834228515625
-27.394180297851562
-27.110319137573242
-27.178417205810547
-27.22749137878418
-27.4403076171875
-27.416786193847656
-27.287471771240234
-27.192855834960938
-27.065521240234375
-27.14156150817871
-27.17280387878418
-27.252866744995117
-27.094120025634766
-27.000694274902344
-27.346303939819336
-27.51154899597168
-27.5585994720459
-27.619749069213867
-27.4923095703125
-27.437244415283203
-27.517602920532227
-27.606943130493164
-27.618305206298828
-27.61788558959961
-27.185041427612305
-27.56818389892578
-27.602684020996094
-27.61857795715332
-27.606382369995117
-27.61675262451172
-27.56789779663086
-27.59341812133789
-27.619869232177734
-27.59122085571289
-27.49848175048828
-27.38027572631836
-27.32512855529785
-27.449628829956055
-27.566240310668945
-27.619916915893555
-27.604448318481445
-27.58134651184082
-27.21916961669922
-27.37054443359375
-27.02294921875
-27.227474212646484
-27.391983032226562
-27.568485260009766
-27.621063232421875
-27.461692810058594
-27.13685417175293
-27.23848533630371
-27.27663803100586
-27.179136276245117
-27.218280792236328
-27.030424118041992
-27.540563583374023
-27.600339889526367
-27.62196159362793
-27.51541519165039
-27.533588409423828
-27.496112823486328
-27.62139320373535
-27.61435890197754
-27.380022048950195
-26.61436653137207
-26.783937454223633
-27.174510955810547
-27.516803741455078
-27.61083221435547
-27.589418411254883
-27.620925903320312
-27.62103271484375
-27.6192684173584
-27.614953994750977
-27.618549346923828
-27.546255111694336
-27.453516006469727
-27.483461380004883
-27.348529815673828
-27.14828872680664
-27.313772201538086
-27.282140731811523
-27.41936492919922
-27.606813430786133
-27.374866485595703
-27.44629669189453
-27.44586753845215
-27.539541244506836
-27.538087844848633
-27.440967559814453
-27.50774574279785
-27.621585845947266
-27.594070434570312
-27.556562423706055
-27.611318588256836
-27.502227783203125
-27.11181640625
-27.370094299316406
-27.332664489746094
-27.265512466430664
-27.482084274291992
-27.41182518005371
-27.506771087646484
-27.56878089904785
-27.5450439453125
-27.593210220336914
-27.572654724121094
-27.61448097229004
-27.601062774658203
-27.55081558227539
-27.57455062866211
-27.491931915283203
-27.473936080932617
-27.592388153076172
-27.574548721313477
-27.377653121948242
-27.164752960205078
-26.930919647216797
-26.984201431274414
-27.161792755126953
-27.103063583374023
-27.237089157104492
-27.401966094970703
-27.56049346923828
-27.567941665649414
-27.620338439941406
-27.56205177307129
-27.611099243164062
-27.608251571655273
-27.574474334716797
-27.506799697875977
-27.608917236328125
-27.62181282043457
-27.59029769897461
-27.591928482055664
-27.6154727935791
-27.311412811279297
-27.616220474243164
-27.58586883544922
-27.613811492919922
-27.4206600189209
-27.369110107421875
-27.278505325317383
-26.873455047607422
-27.195194244384766
-27.565481185913086
-26.926210403442383
-27.553327560424805
-27.619544982910156
-27.459762573242188
-27.3544921875
-27.490598678588867
-27.395681381225586
-27.38214874267578
-27.176013946533203
-27.430438995361328
-27.327054977416992
-27.239030838012695
-27.135265350341797
-27.100061416625977
-27.248937606811523
-27.48798942565918
-27.250219345092773
-27.51153564453125
-27.55666160583496
-26.97047996520996
-26.81914520263672
-24.7498836517334
-23.994314193725586
-25.223709106445312
-25.69169044494629
-26.913660049438477
-26.507291793823242
-27.13416862487793
-27.534334182739258
-27.486736297607422
-27.621946334838867
-27.61931610107422
-27.616931915283203
-27.620792388916016
-27.489429473876953
-27.585472106933594
-27.61570930480957
-27.56660270690918
-27.508451461791992
-27.44654655456543
-27.371564865112305
-27.24479103088379
-27.049678802490234
-26.92070770263672
-26.747743606567383
-27.115209579467773
-27.12944984436035
-27.43212127685547
-27.150096893310547
-27.586423873901367
-27.53435707092285
-27.497852325439453
-27.347095489501953
-27.241235733032227
-27.039552688598633
-27.303491592407227
-27.540536880493164
-27.37775230407715
-27.25882911682129
-27.604785919189453
-27.61480712890625
-27.547218322753906
-27.621925354003906
-27.46196174621582
-27.13270378112793
-27.064777374267578
-27.217838287353516
-27.55487632751465
-27.60512924194336
-27.285747528076172
-26.657119750976562
-27.171247482299805
-26.903818130493164
-26.93193244934082
-26.988452911376953
-27.205163955688477
-27.05097198486328
-26.771120071411133
-27.36635971069336
-27.316736221313477
-27.6202335357666
-27.594646453857422
-27.590394973754883
-27.608171463012695
-27.55286979675293
-27.354982376098633
-27.426132202148438
-27.452035903930664
-27.4288272857666
-27.407562255859375
-27.55774688720703
-27.48166847229004
-27.462278366088867
-27.371822357177734
-27.378250122070312
-27.26719856262207
-27.31093978881836
-27.442506790161133
-26.93074607849121
-26.663429260253906
-26.82232093811035
-27.02251434326172
-27.239866256713867
-27.31476402282715
-27.410537719726562
-27.613971710205078
-27.61713409423828
-27.622154235839844
-27.58401870727539
-27.581201553344727
-27.27896499633789
-27.569538116455078
-27.424768447875977
-27.119075775146484
-27.47828483581543
-27.615541458129883
-27.601043701171875
-26.507251739501953
-26.825252532958984
-26.692012786865234
-27.06995964050293
-26.518526077270508
-27.36236000061035
-27.21361541748047
-26.90130043029785
-27.15530014038086
-27.107789993286133
-27.256494522094727
-27.464345932006836
-27.228557586669922
-25.766908645629883
-27.051836013793945
-27.575807571411133
-27.62213706970215
-27.44285011291504
-27.573366165161133
-27.587635040283203
-27.621990203857422
-27.603878021240234
-27.599445343017578
-27.4655818939209
-27.5689754486084
-27.437461853027344
-27.344449996948242
-27.425331115722656
-26.95962142944336
-26.93693733215332
-26.896846771240234
-27.013595581054688
-26.934589385986328
-27.297527313232422
-27.436904907226562
-27.483325958251953
-27.471982955932617
-27.409069061279297
-27.31591033935547
-27.572370529174805
-27.62169075012207
-27.53050422668457
-27.57752799987793
-27.619873046875
-27.602340698242188
-27.622102737426758
-27.592069625854492
-27.61651039123535
-27.25758934020996
-27.337875366210938
-27.200092315673828
-26.846342086791992
-27.09309196472168
-27.243993759155273
-27.60866928100586
-27.610485076904297
-27.598047256469727
-27.595626831054688
-27.6146240234375
-27.582687377929688
-27.588911056518555
-27.607013702392578
-27.6217098236084
-27.61408233642578
-27.609689712524414
-27.509483337402344
-27.6058349609375
-27.619873046875
-27.620534896850586
-27.5423641204834
-27.621822357177734
-27.47942543029785
-27.49443244934082
-27.501230239868164
-27.379833221435547
-27.619882583618164
-27.60391616821289
-27.602861404418945
-27.56536102294922
-27.489051818847656
-26.869352340698242
-26.91008949279785
-27.459943771362305
-27.510112762451172
-27.364356994628906
-27.116249084472656
-26.660160064697266
-27.299928665161133
-27.57897186279297
-27.614545822143555
-27.57181167602539
-27.59247589111328
-27.598604202270508
-27.379865646362305
-27.587553024291992
-27.594951629638672
-27.59402847290039
-27.622201919555664
-27.586166381835938
-27.514238357543945
-27.21541976928711
-27.40761947631836
-26.908924102783203
-26.680410385131836
-26.779510498046875
-26.848840713500977
-26.750289916992188
-26.72835922241211
-27.392593383789062
-27.403879165649414
-27.619951248168945
-27.557994842529297
-27.556882858276367
-27.399330139160156
-27.304262161254883
-27.22504234313965
-27.112041473388672
-27.47026824951172
-27.190610885620117
-27.454275131225586
-27.254806518554688
-27.52707290649414
-27.36214828491211
-27.08692741394043
-27.052446365356445
-27.15933609008789
-27.408357620239258
-27.566787719726562
-27.60232925415039
-27.5451602935791
-27.608226776123047
-27.6016788482666
-27.6221981048584
-26.983009338378906
-26.927715301513672
-26.49502944946289
-27.38102149963379
-27.49647331237793
-27.571165084838867
-27.009262084960938
-26.94352912902832
-25.974441528320312
-26.551170349121094
-27.301795959472656
-27.56697654724121
-27.270408630371094
-27.620040893554688
-27.56791877746582
-27.622135162353516
-27.570146560668945
-27.487533569335938
-27.589250564575195
-27.60582160949707
-27.621877670288086
-27.62184715270996
-27.59149169921875
-27.450712203979492
-27.35554313659668
-26.98928451538086
-27.192548751831055
-27.025808334350586
-27.39493751525879
-27.231779098510742
-27.3549747467041
-27.188980102539062
-27.254335403442383
-27.255908966064453
-27.289566040039062
-27.281221389770508
-27.261993408203125
-27.60382080078125
-27.619810104370117
-27.568843841552734
-27.622146606445312
-27.62151527404785
-27.61789894104004
-27.603076934814453
-27.60622215270996
-26.573062896728516
-27.1463623046875
-26.51142692565918
-27.07734489440918
-27.431901931762695
-26.943246841430664
-27.544410705566406
-27.595399856567383
-27.57416343688965
-27.592493057250977
-27.565587997436523
-27.48929786682129
-27.21213722229004
-27.326690673828125
-27.47037696838379
-27.088176727294922
-27.38565444946289
-27.62218475341797
-27.571067810058594
-27.500164031982422
-27.532535552978516
-27.60944175720215
-27.621110916137695
-27.60023307800293
-27.440650939941406
-27.574220657348633
-27.580448150634766
-27.58599853515625
-27.48131561279297
-27.556896209716797
-27.458127975463867
-27.272573471069336
-27.54225730895996
-27.442296981811523
-27.281702041625977
-27.18609046936035
-27.22127914428711
-26.95282745361328
-27.123798370361328
-27.245849609375
-27.503517150878906
-27.38946533203125
-27.416561126708984
-27.22307586669922
-27.528722763061523
-27.622108459472656
-27.465551376342773
-27.615140914916992
-27.24150848388672
-27.61614990234375
-27.621322631835938
-27.487672805786133
-27.476057052612305
-27.588167190551758
-27.43855094909668
-27.26776885986328
-27.27897834777832
-27.093658447265625
-27.108949661254883
-27.245065689086914
-27.413978576660156
-27.37534523010254
-27.12245750427246
-27.23206329345703
-27.586746215820312
-27.11294937133789
-27.264421463012695
-27.411237716674805
-27.42807388305664
-27.50139808654785
-27.55438995361328
-27.338584899902344
-27.132957458496094
-26.70037269592285
-27.507732391357422
-27.540246963500977
-27.58812141418457
-27.614614486694336
-27.531063079833984
-27.311859130859375
-27.566579818725586
-27.543861389160156
-27.26150131225586
-27.50701141357422
-27.61948013305664
-26.926437377929688
-27.01584815979004
-27.003734588623047
-27.476593017578125
-27.60483169555664
-27.602767944335938
-27.61625862121582
-27.415115356445312
-27.347503662109375
-26.93492317199707
-27.21575164794922
-27.574995040893555
-27.582416534423828
-27.527088165283203
-27.539194107055664
-27.586801528930664
-27.603172302246094
-27.460468292236328
-27.439538955688477
-27.12395668029785
-27.308006286621094
-27.144058227539062
-26.998884201049805
-27.07669448852539
-26.902864456176758
-27.29511070251465
-27.618322372436523
-27.516267776489258
-27.58779525756836
-27.530519485473633
-27.397220611572266
-27.590904235839844
-27.58171844482422
-27.47779083251953
-27.511194229125977
-27.533193588256836
-27.542842864990234
-27.398941040039062
-27.24518394470215
-27.469945907592773
-27.612958908081055
-27.60100555419922
-27.618833541870117
-27.605701446533203
-27.581613540649414
-27.568693161010742
-27.544397354125977
-27.518016815185547
-27.583406448364258
-27.485660552978516
-27.619848251342773
-27.519927978515625
-27.48493003845215
-27.617374420166016
-27.621219635009766
-27.62165069580078
-27.362953186035156
-27.55837059020996
-27.275117874145508
-27.369258880615234
-27.621463775634766
-27.52790069580078
-27.62214469909668
-27.535789489746094
-27.404701232910156
-27.611494064331055
-27.582040786743164
-27.50774383544922
-27.32347297668457
-27.335622787475586
-27.53212547302246
-27.41253662109375
-27.3136043548584
-27.424072265625
-27.336122512817383
-27.40778350830078
-27.542999267578125
-27.621252059936523
-27.61246109008789
-27.46575355529785
-27.289852142333984
-27.123430252075195
-26.942598342895508
-27.616302490234375
-27.619565963745117
-27.412832260131836
-27.53948974609375
-27.615276336669922
-27.543289184570312
-27.3092041015625
-27.13448715209961
-26.8714656829834
-26.92262077331543
-27.328712463378906
-27.354597091674805
-27.6097469329834
-27.021961212158203
-26.74460792541504
-26.713010787963867
-27.40146827697754
-27.49113655090332
-27.055007934570312
-27.559471130371094
-27.44956398010254
-27.276023864746094
-26.990442276000977
-27.14116096496582
-27.24394989013672
-27.622005462646484
-27.44637107849121
-27.607589721679688
-27.569061279296875
-27.621498107910156
-27.58782196044922
-27.6220645904541
-27.484920501708984
-27.20296859741211
-27.59128189086914
-27.622005462646484
-27.582956314086914
-27.60187530517578
-27.619792938232422
-27.510835647583008
-27.542949676513672
-27.611284255981445
-27.616365432739258
-27.62118911743164
-27.619325637817383
-27.57677459716797
-27.449434280395508
-27.401140213012695
-27.520294189453125
-27.599416732788086
-27.618953704833984
-27.539819717407227
-27.542137145996094
-27.514873504638672
-27.262866973876953
-27.26272201538086
-27.124662399291992
-27.265445709228516
-27.562589645385742
-27.540647506713867
-27.57155990600586
-27.487995147705078
-27.559961318969727
-27.34881591796875
-27.307804107666016
-27.287708282470703
-27.42073631286621
-27.618688583374023
-27.439239501953125
-27.56645965576172
-27.61789894104004
-27.596954345703125
-27.495664596557617
-27.62122344970703
-27.505151748657227
-27.3444766998291
-27.53506851196289
-27.565799713134766
-27.564132690429688
-27.589017868041992
-27.608083724975586
-27.494731903076172
-27.410213470458984
-27.288593292236328
-27.411880493164062
-27.32842445373535
-27.299882888793945
-27.310016632080078
-27.39698028564453
-27.334470748901367
-27.559221267700195
-27.565704345703125
-27.609914779663086
-27.286502838134766
-25.842100143432617
-26.122114181518555
-27.002765655517578
-26.288352966308594
-25.305355072021484
-24.7895565032959
-26.392274856567383
-27.151779174804688
-27.281906127929688
-27.580102920532227
-27.57259178161621
-27.620817184448242
-27.506837844848633
-27.58694076538086
-27.399288177490234
-27.620744705200195
-27.596797943115234
-27.622161865234375
-27.58182716369629
-27.546586990356445
-27.511022567749023
-27.499069213867188
-27.23616600036621
-27.12601089477539
-27.03008460998535
-27.154521942138672
-27.278728485107422
-27.159868240356445
-27.553396224975586
-27.442550659179688
-27.47173500061035
-27.312671661376953
-26.962329864501953
-27.346874237060547
-26.903873443603516
-27.222305297851562
-27.52545166015625
-27.492023468017578
-27.310380935668945
-27.115398406982422
-27.132139205932617
-27.014514923095703
-26.917861938476562
-27.040035247802734
-27.32260513305664
-27.412353515625
-27.40578269958496
-27.314876556396484
-27.417034149169922
-27.569868087768555
-26.58656883239746
-25.838577270507812
-27.234342575073242
-27.126991271972656
-27.07451820373535
-27.460615158081055
-27.482717514038086
-27.57269859313965
-27.422542572021484
-27.231470108032227
-26.388105392456055
-26.96282958984375
-27.434078216552734
-27.615076065063477
-27.519514083862305
-27.324254989624023
-27.259662628173828
-27.109312057495117
-26.696491241455078
-26.534772872924805
-27.11219596862793
-27.238466262817383
-27.207073211669922
-27.127105712890625
-26.991405487060547
-27.45787239074707
-27.621780395507812
-27.52166748046875
-27.581748962402344
-27.621610641479492
-27.594566345214844
-27.54524803161621
-27.557138442993164
-27.44487953186035
-27.19110870361328
-26.851491928100586
-26.904165267944336
-27.31756591796875
-27.574573516845703
-27.603666305541992
-27.60932731628418
-27.621200561523438
-27.621274948120117
-27.579957962036133
-27.42535400390625
-27.374528884887695
-27.404150009155273
-27.528636932373047
-27.54050064086914
-27.338430404663086
-27.607898712158203
-27.60542106628418
-27.60492515563965
-27.548585891723633
-27.49703598022461
-27.498653411865234
-27.413747787475586
-26.590879440307617
-26.69927406311035
-26.332853317260742
-26.858642578125
-26.63416862487793
-26.98645782470703
-27.57911491394043
-27.585643768310547
-27.539926528930664
-27.619121551513672
-27.585792541503906
-27.618999481201172
-27.598432540893555
-27.559677124023438
-27.604928970336914
-27.586776733398438
-27.520265579223633
-27.587614059448242
-27.608304977416992
-27.495832443237305
-27.412038803100586
-27.369421005249023
-27.35310935974121
-27.59817886352539
-27.61260223388672
-27.613243103027344
-27.602630615234375
-27.622085571289062
-27.564741134643555
-27.589115142822266
-27.33738899230957
-27.46388053894043
-27.381263732910156
-27.48175811767578
-27.389022827148438
-27.56569480895996
-27.52861213684082
-27.602128982543945
-27.5092830657959
-27.475278854370117
-27.5085391998291
-27.577608108520508
-27.534013748168945
-27.618186950683594
-27.586091995239258
-27.503246307373047
-27.05691909790039
-26.996583938598633
-26.915794372558594
-27.29163932800293
-27.615510940551758
-27.619266510009766
-27.621389389038086
-27.619319915771484
-27.538311004638672
-27.543519973754883
-27.621599197387695
-27.621450424194336
-27.6109561920166
-27.621646881103516
-27.583477020263672
-27.53899574279785
-27.493587493896484
-27.438472747802734
-27.253780364990234
-27.257328033447266
-27.353572845458984
-27.375
-27.45488166809082
-27.28858184814453
-27.526517868041992
-27.356056213378906
-27.30630874633789
-27.613296508789062
-27.537097930908203
-27.61351776123047
-27.576690673828125
-27.333189010620117
-26.942646026611328
-26.374940872192383
-26.3486328125
-27.26521873474121
-27.282325744628906
-27.600940704345703
-27.594388961791992
-27.15825653076172
-27.351633071899414
-27.460901260375977
-27.502334594726562
-27.53688621520996
-27.622169494628906
-27.42990493774414
-27.584444046020508
-27.61605453491211
-27.49959373474121
-27.533803939819336
-27.485219955444336
-27.309612274169922
-27.174301147460938
-27.053680419921875
-27.253740310668945
-27.25753402709961
-27.578115463256836
-27.552692413330078
-27.611650466918945
-27.592296600341797
-27.51148223876953
-27.228679656982422
-26.768091201782227
-26.364917755126953
-26.365352630615234
-27.1104736328125
-26.730548858642578
-26.5886173248291
-26.780534744262695
-26.986003875732422
-27.127614974975586
-27.22774887084961
-27.005647659301758
-27.189424514770508
-27.41094970703125
-27.59451675415039
-27.584836959838867
-27.610057830810547
-27.616790771484375
-27.569894790649414
-27.438339233398438
-27.328487396240234
-27.17604637145996
-26.776103973388672
-27.45116424560547
-27.433170318603516
-27.283201217651367
-27.19987678527832
-27.00385093688965
-27.023496627807617
-26.765853881835938
-26.699779510498047
-27.07174301147461
-27.435401916503906
-27.59522819519043
-27.49822235107422
-27.335996627807617
-27.2504940032959
-27.41339874267578
-27.500144958496094
-27.314395904541016
-27.096654891967773
-26.976581573486328
-27.174657821655273
-27.10860252380371
-27.2797908782959
-27.577110290527344
-27.615495681762695
-27.50799560546875
-27.54233169555664
-27.43632698059082
-27.379167556762695
-27.175662994384766
-27.32770347595215
-27.1676082611084
-27.06827163696289
-26.81981658935547
-26.81365203857422
-27.53224754333496
-27.6075439453125
-27.56014633178711
-27.58049201965332
-27.611133575439453
-27.445960998535156
-27.501758575439453
-27.402368545532227
-27.414379119873047
-27.37311363220215
-25.548006057739258
-25.87552833557129
-27.081857681274414
-27.40822982788086
-27.61217498779297
-27.612836837768555
-27.603822708129883
-27.294288635253906
-27.60793113708496
-27.465906143188477
-26.600318908691406
-26.280550003051758
-27.275480270385742
-27.604843139648438
-27.52159881591797
-27.61773109436035
-27.620338439941406
-27.482393264770508
-27.510160446166992
-27.40876579284668
-27.61101531982422
-27.482454299926758
-27.23866081237793
-27.601999282836914
-27.6221981048584
-27.60732078552246
-27.62082862854004
-27.520061492919922
-27.612478256225586
-27.62049102783203
-27.61878776550293
-27.613920211791992
-27.540586471557617
-27.23096466064453
-27.470191955566406
-27.524978637695312
-27.283601760864258
-27.378040313720703
-27.066001892089844
-27.449880599975586
-27.592174530029297
-27.614307403564453
-27.62080192565918
-27.576539993286133
-27.57817840576172
-27.568239212036133
-27.279325485229492
-27.56871223449707
-27.600515365600586
-27.59884262084961
-27.52978515625
-27.603336334228516
-27.450403213500977
-27.53919792175293
-27.428756713867188
-27.483583450317383
-27.606964111328125
-27.57057762145996
-27.209688186645508
-26.969038009643555
-26.688461303710938
-27.168869018554688
-27.436182022094727
-27.520864486694336
-27.520126342773438
-27.6189022064209
-27.617033004760742
-27.603525161743164
-27.469778060913086
-27.37411880493164
-27.60484504699707
-27.62157440185547
-27.487960815429688
-27.448354721069336
-27.587261199951172
-27.602922439575195
-27.596677780151367
-27.56249237060547
-27.622081756591797
-27.565675735473633
-27.621978759765625
-27.547592163085938
-27.448713302612305
-27.582027435302734
-26.881717681884766
-26.800155639648438
-26.060983657836914
-25.53278350830078
-27.182708740234375
-27.309032440185547
-26.935150146484375
-27.049678802490234
-27.561668395996094
-27.6221923828125
-27.602182388305664
-27.614940643310547
-27.59994125366211
-27.61202049255371
-27.60759162902832
-27.429759979248047
-27.125308990478516
-27.26686668395996
-27.236766815185547
-26.896892547607422
-27.01224136352539
-27.156253814697266
-27.002954483032227
-27.172182083129883
-27.57026481628418
-27.531911849975586
-27.60475730895996
-27.621896743774414
-27.453805923461914
-27.342220306396484
-27.48444938659668
-27.267566680908203
-27.249393463134766
-27.21477508544922
-27.27248191833496
-27.222665786743164
-27.44264030456543
-27.37830924987793
-27.455127716064453
-27.239627838134766
-27.314664840698242
-27.11138916015625
-27.226505279541016
-27.02131462097168
-27.02263832092285
-27.309139251708984
-27.48932456970215
-27.455638885498047
-27.330570220947266
-27.622156143188477
-27.399639129638672
-27.491079330444336
-27.376333236694336
-27.387968063354492
-27.613859176635742
-26.536596298217773
-27.382164001464844
-27.24574089050293
-27.425155639648438
-27.17795181274414
-27.106931686401367
-27.087093353271484
-27.577726364135742
-27.41437339782715
-27.5893611907959
-27.58274269104004
-27.5986270904541
-27.5651798248291
-27.62077522277832
-27.62029266357422
-27.58283805847168
-27.609172821044922
-27.59329605102539
-27.57853889465332
-27.555997848510742
-27.462038040161133
-27.146507263183594
-27.59941864013672
-27.574453353881836
-27.62044906616211
-27.615524291992188
-27.615909576416016
-27.583660125732422
-27.475727081298828
-27.346879959106445
-27.242097854614258
-27.09663963317871
-26.9661922454834
-26.82516860961914
-27.323017120361328
-27.06372833251953
-27.38296127319336
-27.596094131469727
-27.211271286010742
-27.041656494140625
-26.748857498168945
-27.041213989257812
-25.832080841064453
-25.76716423034668
-27.079133987426758
-27.020967483520508
-26.818317413330078
-27.006641387939453
-27.3094539642334
-26.797006607055664
-27.43766212463379
-26.646038055419922
-27.251771926879883
-27.416860580444336
-27.55068016052246
-27.602304458618164
-27.256484985351562
-27.574493408203125
-27.57744598388672
-27.41290855407715
-27.52024269104004
-27.492454528808594
-27.4650936126709
-27.445356369018555
-27.404830932617188
-27.56539535522461
-27.596879959106445
-27.613670349121094
-27.4432315826416
-27.503936767578125
-27.322420120239258
-27.271209716796875
-27.49024200439453
-27.00486183166504
-26.97754669189453
-27.119712829589844
-26.993858337402344
-27.18671226501465
-27.15009880065918
-27.054330825805664
-27.280288696289062
-27.36264991760254
-27.506643295288086
-27.478832244873047
-27.584392547607422
-27.583423614501953
-27.484331130981445
-27.501739501953125
-27.60236930847168
-27.432863235473633
-27.46832275390625
-27.62217140197754
-27.622102737426758
-27.603174209594727
-27.532466888427734
-27.53713035583496
-27.490760803222656
-27.58152198791504
-27.522586822509766
-27.48750877380371
-27.608844757080078
-27.540998458862305
-27.597532272338867
-27.613096237182617
-27.564851760864258
-27.52927017211914
-27.5848331451416
-27.595195770263672
-27.565458297729492
-27.57124137878418
-27.52836799621582
-27.56476593017578
-27.61838722229004
-27.534475326538086
-27.615758895874023
-27.52386474609375
-27.60940933227539
-27.558637619018555
-27.486595153808594
-27.467044830322266
-27.62104606628418
-27.61773681640625
-27.477432250976562
-27.61964225769043
-27.615257263183594
-27.607879638671875
-27.60539436340332
-27.44487762451172
-27.617259979248047
-27.383995056152344
-27.268869400024414
-27.278573989868164
-27.124364852905273
-27.13460350036621
-26.742874145507812
-26.546842575073242
-27.43350601196289
-27.601518630981445
-27.59881019592285
-27.58965301513672
-27.594724655151367
-27.6099796295166
-27.619712829589844
-27.610984802246094
-27.619651794433594
-27.54454231262207
-27.353458404541016
-27.366788864135742
-27.451793670654297
-27.015962600708008
-27.112937927246094
-27.159608840942383
-27.054458618164062
-27.528165817260742
-27.562549591064453
-27.603487014770508
-27.62059783935547
-27.608707427978516
-27.62026023864746
-27.428050994873047
-27.28828239440918
-27.170345306396484
-26.938417434692383
-26.91500473022461
-26.493406295776367
-27.252145767211914
-27.340269088745117
-27.185321807861328
-27.311256408691406
-27.250354766845703
-27.354114532470703
-27.358213424682617
-27.54788589477539
-27.464069366455078
-27.541908264160156
-27.572654724121094
-27.616008758544922
-27.62082290649414
-27.62209129333496
-27.6221923828125
-27.457752227783203
-27.38612937927246
-27.412317276000977
-27.548446655273438
-27.469329833984375
-27.565860748291016
-27.51262855529785
-27.556943893432617
-27.58871078491211
-27.472328186035156
-27.111326217651367
-27.49588966369629
-27.61079216003418
-27.51192855834961
-27.2580623626709
-27.160625457763672
-27.240816116333008
-27.269044876098633
-27.475801467895508
-27.59043312072754
-27.603403091430664
-27.60597038269043
-27.617706298828125
-27.488950729370117
-27.615459442138672
-27.541643142700195
-27.221559524536133
-27.1798095703125
-26.920146942138672
-26.760196685791016
-26.417404174804688
-26.893821716308594
-27.299345016479492
-27.326026916503906
-27.21324920654297
-27.383647918701172
-27.294090270996094
-27.254043579101562
-27.317224502563477
-27.343904495239258
-27.581592559814453
-27.045063018798828
-26.95171356201172
-26.62742042541504
-27.32581329345703
-27.50131607055664
-27.542814254760742
-27.46146583557129
-27.292911529541016
-27.60846710205078
-27.517396926879883
-27.583885192871094
-27.61379051208496
-27.463735580444336
-27.21958351135254
-27.60348892211914
-27.610092163085938
-27.499149322509766
-27.337574005126953
-27.61626434326172
-27.616954803466797
-27.62201690673828
-27.541004180908203
-27.622175216674805
-27.589998245239258
-27.573101043701172
-27.54599952697754
-27.602537155151367
-27.470233917236328
-27.372760772705078
-26.991641998291016
-26.87465476989746
-26.86055564880371
-27.159780502319336
-26.919858932495117
-26.984203338623047
-27.609472274780273
-27.346969604492188
-27.619089126586914
-27.598285675048828
-27.31205177307129
-27.37948226928711
-26.96767807006836
-27.099754333496094
-27.561206817626953
-27.60540008544922
-27.594112396240234
-27.5405216217041
-27.588693618774414
-27.461849212646484
-27.4090633392334
-27.396493911743164
-27.594383239746094
-27.60675811767578
-27.375078201293945
-26.812891006469727
-27.063119888305664
-27.22675323486328
-27.618867874145508
-27.62205696105957
-27.558340072631836
-27.585514068603516
-27.598285675048828
-27.558429718017578
-27.02132797241211
-26.988494873046875
-27.024145126342773
-27.443143844604492
-27.556467056274414
-27.444677352905273
-27.49814796447754
-27.574731826782227
-27.621694564819336
-27.618513107299805
-27.288986206054688
-26.94860076904297
-26.757980346679688
-26.389122009277344
-27.15165901184082
-26.753673553466797
-27.491180419921875
-27.465253829956055
-27.605012893676758
-27.613849639892578
-27.392210006713867
-27.144441604614258
-25.27937889099121
-26.028297424316406
-26.84705352783203
-27.40667152404785
-27.48699378967285
-27.00054359436035
-27.449003219604492
-27.524456024169922
-27.622188568115234
-27.60883903503418
-27.30490493774414
